10000
842908125
647936958
77151416
357884380
616014587
261048610
286932913
299448087
584830487
119668660
321585502
122758950
326720031
657884448
597565183
372755103
584963101
269391866
586487784
948415529
579674140
831028823
357286471
640828602
562894640
118175708
778128305
743461843
395730599
489173209
322105474
91155076
137110167
251773243
449039456
605641107
512821853
735972369
905089194
950168692
708157381
79191049
925443995
887393764
737075497
523009178
260148868
322038599
792401045
846636652
122970480
224591537
530181827
480256951
865420140
93076467
450949011
496064797
689054663
846679610
837754359
11160137
937834687
827380878
115449732
239390495
285538337
480787938
827879217
43143884
430956630
388552950
122334933
208916977
275946715
859410430
731926156
388611935
33965381
376843553
87764939
156935861
601435090
617946767
637192812
319371582
563539586
88141824
667952732
105110601
787337786
505707091
116270739
577688825
185604321
84236823
669595673
471142659
565024761
497474890
514286543
848497744
886027840
636621476
57414721
14490907
496031906
641857229
403102842
529997288
18700782
490867782
686933149
472652225
961330901
176642314
644540159
377386839
117300490
312492891
482497441
757154628
670716334
451284532
187359806
856320656
535521355
856955479
327463315
953062469
206946721
841749858
801560213
92974561
330887686
711491286
959981821
826919592
353348516
215601015
209433232
224565650
706468797
748882734
549734227
520316050
925525048
194274387
897702890
895341890
359283630
380200331
652496518
29999965
831484863
839856324
886320621
219522570
549328155
66300288
25101391
756274876
760566498
826661604
701765790
91454184
390669243
661747611
770890128
744017759
877348626
980323361
821099761
436333776
581722447
370833989
956649826
359763847
417624728
706869068
255105737
776908358
87069399
760118607
806908323
771070614
452491284
545745296
843109537
1819439
464561936
868210928
758094316
225128434
547388885
312376458
169098970
938058128
974124069
939989099
534592239
703989047
772828812
355692000
992839175
354551259
579042341
802005354
714315106
996667069
508874422
821937195
773575428
448460174
582055802
433000103
72047140
34547086
831261752
915156677
888882878
295823688
635883958
499493546
373468475
183272843
811870004
542567445
121330971
638510425
482556544
508439562
195015824
107901708
864131562
187855000
462452967
295690256
989860354
29284425
292357325
351251128
851221620
918449105
652227654
285793775
203965561
724274795
172857213
35227313
491947824
61740091
183567353
127831782
413749989
557035828
163620977
225619993
99603274
137468300
864130418
434676170
645907862
59146243
542577879
362555777
99517595
5030846
658246033
941894301
886831624
803119710
145661781
590569596
721568816
797889436
876363371
925534377
374680583
901736937
813278042
866628407
815993380
996845395
846976542
229743370
553881224
863113871
307879715
506000850
582172
24526486
940677020
499006386
83672729
483254899
714078515
35706676
340802098
224840900
977600977
80150074
27960611
123262758
670719670
602045779
773668546
399599394
380096508
148349129
301336331
193374550
867493889
117329711
42736297
566986783
199589433
596617521
430100654
507469149
102618371
283199178
531995635
895811744
634721917
468184716
231582995
348800432
356407744
572385093
573641333
186525073
652535167
454118296
162304183
175771190
56164075
935972730
575370584
436260583
84321859
876706915
482151485
804332100
846552978
524887782
371318883
898658764
121505304
653935890
258644265
76640027
937135068
790639900
824968123
424373337
111340968
56551119
773173770
467748712
481452564
199331455
654273785
133987732
653449751
816577968
162275274
562130178
605067050
737645858
998390761
541905262
466869125
333058598
346237362
165938455
857946380
570072598
64597219
831968036
224008488
323241484
761124416
13659908
966397736
586092539
438033246
77738704
495160010
63723368
398003768
976612575
115571175
904793905
963116659
769020926
573888226
125391933
183667456
178955276
863037791
34574569
720860538
182423268
367633167
919614253
348361723
225579547
489686851
412958943
57547584
566211691
588716779
671188352
579871599
555114516
109797243
870421197
485369572
604957254
934144565
735889693
581569829
49715740
640683598
397202840
671253018
67088176
522594773
854920474
246043453
238148916
889495043
819420343
420572184
109644562
739034596
768933907
335224110
81237799
34409202
245288046
647449490
623125982
916476398
79837442
30756850
26273641
950258639
368642774
483747247
736919557
104532467
65317076
639151649
597732418
315036268
162921020
664820594
837631041
870357846
910864047
928296309
612369242
582800743
201384845
722013804
174351691
970318753
57237914
255589491
857244307
155042312
755555333
332886641
924035062
835392775
363643491
802825056
638167767
732286266
286572303
227603676
689335085
204405732
719271677
287067503
519442000
882192697
951888098
209589394
605066896
715268497
137885703
217436138
150585592
191786901
939449942
324937284
14622006
849204209
580526775
871866313
856762873
188598460
204752955
780797936
23991236
420912798
436139344
514675355
5715416
722711647
594795383
695050502
779633731
314067060
982118005
151592084
48776110
786522455
361181478
653843006
354307305
351583533
723795496
504892897
543370434
515761790
829830181
557992440
217482351
262873308
282375106
74245225
451471769
487128061
707559513
327979357
908040859
143698857
695171064
913756276
718926856
289966447
461323130
498560588
456549859
295957487
650152672
505325969
82479943
863850502
11685327
289303600
67950387
735480823
646712849
611320822
103758966
329059383
21829614
321241317
591932691
304204720
395486542
895920812
643849133
103046055
76416521
404406345
99261264
771587585
170678973
818188121
61554032
632002103
169265061
370620244
927959590
671934085
875946213
862955885
535784587
740147893
4775837
603734974
328145068
651488687
67572148
431904034
980548070
89401763
753145352
424997113
246122835
1148246
320917926
889971969
104194302
397334447
146894666
55971918
21438385
317573639
726676391
82992417
949575742
895941452
306129013
877535332
420391889
34591579
593007570
956176476
774739472
597783407
412427803
102884540
249272094
332516303
534788575
82336516
274434418
140450279
507333630
520557254
141598525
828251556
263045575
98309179
78102355
409940241
154281098
99540740
727513880
880957489
35049510
529605974
629415294
341178523
259657658
49807183
375770102
852665228
858500012
3025926
450448636
123444167
105910467
552237082
455960470
493215394
634573599
730394889
633665673
141907229
103468495
775264198
822675137
219030422
873573378
900777492
628970663
27854476
852834585
209000895
761328317
887884095
738606869
243259963
81578970
998264527
145583499
309865425
703446108
856599863
312891351
6411096
980044030
418801818
558648178
288520852
912017212
193221777
871432093
398199237
187645358
974900588
173463436
10320495
46447362
47036814
763614340
675418025
927407642
616448925
736935272
541252311
356849372
328058493
637028627
290944694
178839373
782612126
600810119
882285481
491728341
913701471
888696577
324288723
185019641
447344755
612809575
97036854
493082885
336758021
347752443
680728243
164174961
521215879
691048739
210622324
420769045
307179431
886040349
200693039
923628356
475491974
594461703
132994080
803550467
231490330
423938774
982389840
866618808
24748894
864675321
358347149
790966717
605888250
682635872
975986358
53233006
147961799
925539564
398832243
484719820
273292008
79560486
648894782
647024239
623125577
859517106
67793285
930305008
598073807
121002676
706449716
73565781
715464379
839443796
729632601
799471061
115898923
712022441
666089869
993164169
429214115
876953370
784130886
35102365
412105594
612633596
940851723
560067394
538173161
192200318
897303566
663981521
271760805
398714700
311005760
894886382
110748158
231315397
677707743
708821966
204834426
384157459
634904099
920298805
76117608
217053052
572286219
44532883
929075494
90892440
37697052
210805961
967845811
674344290
98424678
379951405
286977886
891792754
792535151
677667399
83993072
689838718
341648920
208270229
88553418
505171033
103156612
51817929
736486430
633380707
760639895
941320856
17538166
248060346
714136014
946172126
465113399
138938585
990705009
246705245
229831025
28402061
310027558
197676836
555262703
408452236
430144594
842240590
152761342
222679745
372424341
236754415
765034815
714073262
445024644
706104586
71760647
400697608
757922515
808247077
34078315
371078762
602084286
904132834
619139108
168736652
702821312
936768859
307675237
693526322
35990456
537506262
574444735
346018014
587699451
129707439
754470251
17844045
824464381
907231593
93040142
49405074
996502360
858074958
763478336
294043357
564179544
835238983
694740965
174618411
496002413
581335633
545697173
950603051
337984819
17352633
119339703
40806131
954121493
279531292
586848805
990111949
669553906
13809893
336129964
257253357
996033684
943116567
127613754
673014417
702864512
220653897
722419491
699366873
78728855
338414180
993410230
495424751
26169515
540667547
670043162
522171928
974519532
215740335
325291331
165020703
233092968
297147386
58343187
39730813
576678678
645191992
29842763
98748937
511518237
218489079
356002294
507551921
161605646
483616049
33082690
864470158
704269946
755502182
416353383
635515153
93916362
262279965
130939904
120085877
655463865
800983066
494774158
629983397
869239753
820065489
795004101
102332721
117212876
853347288
142063535
546407906
351055632
24422650
645156843
862573870
242911729
1159138
222642143
257033727
337291539
255724834
121503885
894077837
11227016
390373621
529592990
957659730
505169938
513049246
77745607
160633803
166548664
425036117
643133553
35788417
245101607
290654006
990637490
214830835
144001294
985217377
761238741
347573278
9640027
406395585
62663500
105068108
260071075
137821996
362101835
449878966
393546830
336122073
343956803
257290198
579012046
726066145
67466280
84181984
239115391
145211887
97332140
405664055
422764357
740465693
293968824
667865964
31119699
284606314
882696799
27637345
122340044
496451892
227726975
131980071
902847477
290390476
89564532
15434904
428212472
304182719
465313870
674275654
640304792
661787025
931565852
71833190
387853170
999032132
156015175
479484913
996760371
253347315
885148968
272041080
993813008
31634144
939907044
877449059
316240459
675120195
905086404
438580503
24088440
132813379
423076926
926935917
275720207
365157810
794887174
556449031
669340530
112717396
230724685
162161674
774504422
14806889
233994865
14873944
866355373
390010040
494358858
715632097
495873707
232024178
987673177
342203067
263658323
780096574
219652126
579898782
307733121
977254882
870995637
331821561
962584613
146588915
111273831
90821173
511746726
906161005
647270204
181087256
18878401
877994890
343248930
793382823
745318131
577243795
808256768
611673505
819770187
155131978
179821954
315643894
387156156
167495131
657846961
650814479
947591705
730015439
83229613
107841179
707270321
954225250
439662740
522371287
100814166
550936571
613192460
612560892
457097576
260462664
646164500
328492330
990973906
989413430
121875153
736292038
419173578
782648273
200481895
91460117
937780251
380303849
407104012
177452760
400315332
917467325
828267239
200423390
647482765
911496853
308264569
207269438
865722103
747927309
729640725
819052621
298863881
195349537
284129865
608477809
455812202
930294365
936970139
299302460
772224148
911361645
35594498
43914078
546526270
88592745
135374195
336822874
321412946
542478207
514275634
721728279
312461885
342542873
922151669
959944650
106556078
230416238
19730440
972278182
978343547
601887518
643847155
129723780
797237055
927977021
738201590
105565609
858271386
527688081
404868070
483011886
439049726
292978920
526925964
985575997
381571666
662300160
174915223
702984612
57294719
689190857
277229243
369756604
31733730
199380912
182217606
138289809
282313502
201948047
963084343
113173402
803835565
459447850
242897182
453588972
387424871
833615124
559154582
98212610
361303206
964022652
581224496
652869284
257001572
108150461
490961633
491089590
622966973
665876856
46590555
680261692
355067713
323819798
50018297
239317796
523200711
232235903
230123957
805514213
286700302
45724652
918687615
90535867
505172502
14101150
396641192
745113726
847716274
955795774
843326336
61535832
919818426
277067184
714405117
29336350
237733997
57883102
520425941
860700970
723759959
567016496
393479015
78827672
890836294
443497312
170661820
266553357
528249567
253302129
924583923
814949870
299026781
695787890
758002089
656715636
709889040
154643281
401829362
410121667
110439055
97672050
324173851
882773833
227255586
38578968
764626536
464989584
96462071
137568829
178206906
672738382
704585325
571685921
604082406
447937971
867699585
774744227
567007681
395949153
28046356
491591604
63415375
179589490
39895846
821417464
836305126
749784887
976060746
90650840
12422906
939016153
40839242
336596757
674306339
268094828
227692078
291449227
733084412
176670501
429018056
763807671
849408883
133603381
188009944
306007641
434057704
55709530
80751868
1065385
304175035
961314577
345173341
367590410
993420419
385069188
189007874
682241897
987370427
17584972
772892737
999793333
809117478
813731979
188906442
335940169
81826807
269114872
627389396
667427572
445785373
56407452
283751595
147710608
42527185
471761539
453718250
329101241
527471069
386986470
182682979
831646104
200817399
527856320
51752866
46754170
765441860
240760741
728996067
752812287
110862065
354405156
605121972
919979543
20653487
646544767
255919712
102480295
915659639
883309108
622424219
213961365
792232912
906175814
361671973
834760097
230453705
667906575
16377691
757924775
54893046
199060670
442087231
108226797
726916990
493840098
154980968
344875203
587117191
883977035
97687490
697979256
90898544
555325815
617958800
111552031
54386934
726394864
66548678
970046573
462220325
688972897
184007938
254453237
447665063
398196264
941729687
678118769
66102839
958107378
288559896
973512237
157168048
583163479
81739035
736601390
77003577
89236355
81476593
516637120
825729742
31680436
214616377
916628286
439522603
685091529
28180318
493909537
411486393
94728996
463956110
873706718
636218246
500480401
980676308
83883309
898676665
922405995
614518430
964779504
733029725
755594678
790808094
890197773
338758158
725063481
479315515
268278087
814299836
560792109
784915208
492545930
444988897
852047937
409174217
884511500
537139466
289870887
378421037
801142211
384599883
694893499
527365282
20818129
195373900
508041590
957217791
94050565
282963937
424252573
911346422
15993662
32363604
554670868
758707787
371121762
279734349
90539654
491916201
946550537
651331763
129347761
439096467
96320660
981395698
700787036
833348512
371051516
990657923
64285901
172193728
227774159
759179401
699559010
101108640
954553301
60116952
58326431
901120219
195597241
335095357
664982993
64107255
367458961
72170213
822815042
591097075
351904562
913354696
83013276
150971451
417202812
212361038
590067918
366039824
46273088
143371307
51904689
417324605
134029230
116190590
589518333
361803389
875369991
141593695
462912030
682439645
54226999
373754813
436076216
249824240
561366522
101059209
313931495
928825483
25745774
136746537
372438910
377650336
902617585
455452187
528621787
172336749
520329577
971206057
390892926
566602665
114577364
442797615
983927270
101122947
558988205
425961955
462926336
434358197
567555650
778354718
116797842
621782649
4625884
405390410
871606889
565992406
358965971
38054736
347334242
384711745
27317625
719773152
762362081
929935211
27741691
143500220
954788312
548071268
114706277
345681238
114673934
81799994
788478853
98601204
182922941
199983411
377079512
498365629
634341608
944635162
276720348
603655802
418934164
281346232
9046212
143057405
847338638
220528535
181112142
47189232
605240280
208429767
766962385
220118713
990881330
794704076
363618933
945669643
342775345
330841562
143867233
309965631
265157908
784862439
261083187
448080849
984845850
638162699
946446479
471703810
435314214
75683179
75359612
854248378
209545763
936922176
849822135
56884401
9967063
30934277
104073634
615207343
91880397
723552371
835326056
82761727
518256447
51461341
880947722
713548144
382302903
877331308
23513775
647460812
662193747
284596963
948058013
499555949
922759662
747020844
971259759
210590228
822704023
899135723
64838606
32249786
688574251
767177094
941650540
698541314
650627723
898240526
313748657
742508120
474309249
1591065
677786200
992565696
53052406
411250274
558630193
435355309
141097934
582143968
935332473
803291681
719257283
883390487
155363982
494533298
482927683
126623741
705123526
158148059
25759464
622478485
42914197
566850067
389655579
984564737
265391381
40283302
735321615
431656390
635307775
62147216
433247455
165610327
54712913
486299861
429376953
465859458
921655171
570474888
48003426
709503996
226282921
619777062
445410835
381646904
114310360
928338519
508270645
819433886
86486578
386546462
294428723
129400775
953396529
684084302
966481865
71304263
576883957
554319832
502960653
64708084
616467049
936208109
82834763
523696314
275024322
512211716
989555772
49195845
82686604
890075550
758699842
308969526
509852612
204110677
690616430
476679324
132449196
51403427
148629563
71452126
290466241
443058286
53369254
96379123
127142589
19851119
167683386
556542898
574170951
523160391
473767334
43154352
311884852
556602097
566850666
586909175
68813813
556406438
636105020
4016770
298998341
394804862
312986296
808850953
451431892
856119078
138046630
436397440
907522505
286676193
507849567
50505099
729734479
561218821
146884222
709393420
433586292
314567608
118452670
7757243
837727999
592220004
50911596
2129204
148822101
470278614
589038379
70152267
26685053
225143399
74169037
178199746
472464614
387155333
987050699
923896506
95790763
125097329
360293946
3313268
264289874
720659865
53818367
994024354
134395038
53218941
703417774
567981330
367786549
821870445
428254926
58030901
266606801
331682874
60160105
415428903
801961488
649198484
485581170
681162893
726858235
559750207
859362639
199322849
799421892
698929691
123219355
895212655
676543372
336029654
751042275
940833247
56689519
657376995
934857601
43600910
710595936
490791727
611582240
78382486
165178524
39837166
988929739
431785326
371520040
49089844
699730581
25997881
550804680
37828103
707160774
130179267
597578310
566523414
329502117
249516554
117969457
305237824
144729209
794512829
493783830
895771484
735346076
402989702
405664831
522720029
446590612
116260768
866028109
58172852
47159606
31206633
98010019
36089345
315508311
322046411
937695541
15238892
348044292
341016573
53066995
55205067
471195840
503161657
474244833
653214309
752678211
592214290
958452134
749923772
239243471
304752316
498211609
974589548
707742018
903876440
349825929
154332630
20137208
68370390
65021835
919813166
99577024
15548206
808418863
267601687
337594617
598630756
135356932
538155262
939647329
40940279
445876681
263359522
396618289
920121514
916573831
1812852
364852156
727542317
751736625
604095627
32294634
249948234
431201527
592553004
6341026
633543809
746885635
26478235
701914199
811907470
798807753
654007575
827455676
607226617
921609263
17566645
58373725
909482547
555721907
998021055
950422826
1598588
113896929
199557467
774236454
882987112
201370320
991604962
463045782
953106945
448216942
347856768
55571531
879418469
940409772
61912557
365478630
539811759
88390792
67392830
204235581
739714898
721400405
31691257
199457867
495526020
901774255
257831592
257524919
310012514
108368999
60464098
164127455
222265928
260021565
938363909
105253041
461391885
782485224
420815175
414498830
230702166
768671943
470070361
962636987
709081715
531982919
328115618
101409827
472890063
248024800
305645408
65121313
969425205
189853018
264579180
317467578
91627273
522410773
574992497
401639787
630779772
635456595
565767242
853045701
895478161
356647504
810815094
209386398
139132728
84146621
623885229
222351246
852818564
946471942
37504585
414416631
330971213
365620203
515826458
803861277
613645003
821471867
868982590
435586561
11324885
133561771
605570491
102952158
508488896
33079340
357108297
139268668
668535936
775391892
844830721
416530449
132039396
508162167
625916847
123688476
592308788
102318428
198556074
445127352
48790371
236060659
859543984
232277936
454197215
227886794
36139213
67842218
49358661
757638156
355945131
60683546
743716279
961515622
16152056
104721527
994594963
225776706
243990195
515647251
1168598
88820917
784694052
985724346
449499436
263127251
961929174
41808225
365445680
13001600
339451929
266752403
101578611
51512265
499030339
555775826
279399060
387685905
476134397
328757721
997840413
832079528
241957620
594073044
646111503
110626028
698794571
493222818
188919086
942784766
861386421
42604036
884122035
646080473
28328382
186137824
909207724
842773908
227946049
127169756
708291860
567397978
246438511
809870472
618910244
745468851
365646298
898309304
985671108
841780695
79583377
983511521
526376576
174057349
430100917
25004431
284683378
128895488
370743601
473602464
924196606
232130022
516206501
660834994
730726847
397051235
846972818
492450923
92341496
74918867
619620680
800633356
494833197
866059191
463020180
966259793
464044394
828666479
717085449
302231854
522963526
796668827
138259727
901856454
970726176
568360644
926860885
107925906
697256132
150120838
434044723
473969091
382250860
950251224
134804085
112977707
199818811
981776903
457944983
144676659
909212122
77565663
945310016
256561671
796141206
260846548
75337817
112701953
89513027
792423266
414933807
464992906
441608445
553193535
219365712
264850974
121554179
146226598
372776880
671326664
148863788
806821603
145295755
531114649
609589179
132616192
496608708
661924343
966909447
954553691
806601002
728637921
884635706
604427370
985199592
533293265
865273919
60537409
498511570
807303298
705477028
913445377
124812556
147085473
319155264
344178269
411936447
293225796
342921219
637229680
817068812
491785007
296567635
814880919
22899656
906156815
947497111
372024717
420597510
766922910
179094760
227198512
495560831
916246819
831625883
333276775
302056436
549416154
246330537
800568006
356719452
951807565
566529735
481532009
951409390
885685000
825710278
215862190
31427148
21147849
853091870
848495960
512932856
149659505
515893231
388348865
908332672
315906694
760373582
328930182
82829604
791984694
408645047
430906787
708231513
92787282
764183562
10287949
642203436
863030451
663372307
998922888
667354368
229902043
332971249
618763759
968103395
11197879
834625949
999530543
32345728
540234171
700542855
545278585
689893676
68952438
933627450
450742701
384859132
546517384
779672883
467688736
191018430
40834282
898595523
899249944
133621564
515295437
762054245
775825000
230842241
277942905
627264241
898196609
507844948
960235490
369476720
328464695
823949722
56619021
180511590
856295450
596853192
881054445
254090387
139263221
950006883
40234189
590005922
187382367
439267925
222195157
655071103
630286356
263029440
406182978
382052652
396651004
773994767
144106897
172476005
4837008
274566154
799740246
903033618
782411102
612492088
125026690
110875797
288958162
181645712
143903739
145253613
778498904
24958184
251860352
917762125
827481419
144610894
507768047
14863786
583878819
729963205
522451241
214165175
992992645
781150571
596217827
242160001
555145339
592841077
414636006
412498699
867407231
66892604
168048669
502334686
531901045
293075360
465726835
820859207
474721072
609630575
818629172
253219976
487105111
70489525
23498454
167102883
67616771
531266501
34483021
651495590
113746058
409450615
865660766
959255055
190601186
314394945
201415057
598262877
759752374
468567415
10761577
479675958
535460020
178810246
982010644
67361065
471885606
300253831
740736624
946606678
762400758
559365797
52343007
102022222
482371674
75841461
269125105
549988445
459624314
156124478
54000387
573370373
565575093
919661153
385141780
756176280
86572451
586556837
206955509
846324825
55124253
217717086
178517135
443100625
249043685
13044131
362978042
720929291
313297963
103714666
520052322
75698721
515596815
424911681
30237295
850484841
500753142
299362400
252989638
960377456
455486879
306990026
386264181
21061972
79167531
771405962
629754604
165739982
210479151
836710114
864581160
118119756
906943552
43098295
413736733
155987237
56142427
776714775
729432881
221956742
732945794
102001555
150171815
101058961
526913236
180409111
951543803
27666378
479771511
57049793
840560186
787774742
364039819
79340720
661353067
443207351
703263034
143624023
608947333
913742185
980334137
326044845
884378294
739794042
369143141
298115027
895781279
277801920
927346155
477730512
499758662
512808301
579732067
649930477
613867262
106645303
830339588
417927417
986828033
162627452
474977211
679904572
950402194
839017030
759245292
611755261
134740733
315024678
755379285
743688067
81283215
588229774
69732912
965661509
180540168
291392405
116292889
76321448
569194325
43639044
406568312
68952987
556447345
986300380
571399817
22830959
92945683
401739405
293274729
932290069
564366857
768251940
612194641
367285404
459785322
223956285
979040665
594526056
538980963
586936302
190730475
620264178
27682429
112979739
438442040
208222597
256888497
554734929
137060397
826082822
598373973
543628710
747552162
7337670
382445442
171468331
30168629
327907477
573207736
175959710
260197546
990090946
944211650
724908539
357376350
256513325
948864824
188933367
703555733
340362139
628386022
894286208
813142670
656068451
859782299
251584710
716807400
116670796
806319639
853867798
795269971
257209964
250012860
395338485
117063986
632458302
566806816
147232615
960365779
140014552
175708678
73079678
982621850
119920328
797988217
192514552
228950005
599369394
381447920
932505738
792247885
9833942
679308298
605390555
518418745
391606950
709491617
87742497
508277746
368327608
941610295
156064069
625537572
44139507
551402554
742601558
529114161
118209370
742350526
341996293
110740275
918059204
415075971
93362125
890495884
65580540
138393030
971962242
517466286
519840950
756984332
309714172
382191244
288808983
767621079
753126341
680415933
477112697
840868838
41210031
845440305
634995486
197274101
323494230
679134993
748676655
918612140
60765507
866886026
513479018
402761800
830142653
284054574
817837771
776021130
27066811
735934663
914414160
999029053
253400950
286771462
756013385
415631474
668962706
44822368
183252553
274605399
577754653
512881602
115474238
618964685
210838260
750469724
816238786
534332490
282121069
564915441
305460982
342886576
284317819
818940001
745648376
114460472
102994575
416002499
742997955
130061386
4453515
657412115
129090439
257854465
944183578
737620177
673485939
465662636
634958897
709254844
740268036
65229903
222136447
708258626
684194588
432974707
311244702
500433374
819823549
593365771
917865167
125284531
788768700
54699339
944224532
386933428
21676163
899735460
802935928
764674118
29796846
807389443
274602586
11403638
917760260
71302516
601540167
443762551
536965152
89015416
153017395
129749540
154245319
227670194
838008166
838439907
660644901
1769220
191389633
332984802
595134992
109254801
458269334
236420044
16470492
255010218
623353472
38146655
7262030
278805752
802820774
37058877
86195195
77423360
900978867
856471807
148725876
355035386
300234358
538207380
296567154
305768106
667956921
450812474
533438300
358481439
141768733
46599554
360250660
185674719
379584356
807902004
147445872
837853690
44322048
163916364
945380261
667675520
202063019
952642291
946481273
4883793
842217520
885192820
82307153
595712739
594180980
83549381
950748125
894415338
621756762
99831632
52699796
142230035
550644106
586138097
353227826
544929191
632737651
713478486
730603910
12322007
373896842
878049782
702692050
418218890
41966146
648072311
938410763
244029166
453230954
737408388
101429311
295448475
475117560
36252817
891161214
69298540
119802198
694425692
816230231
594075312
794257324
868930027
736305347
197417782
455068124
89533174
742346973
87805775
655528012
325467236
952644135
29424855
203517018
655336185
300160097
97999517
155924848
91087212
342028683
609155802
828495600
443457994
757120629
303613161
479710811
500798196
225428053
452029362
47740240
41658284
46104674
841997564
910588312
634926374
891931698
218172788
576975900
486795023
158494916
85020264
812262259
111139051
114445119
15779278
618991588
267121569
113778795
627432788
358208781
308323830
89104942
39220734
604298176
846225572
342833895
84008988
347023768
568261948
388554702
394764008
462436585
434659376
89277924
225541249
69585750
981209622
443714037
499078002
320520997
454725305
584098267
132783257
418380708
551059738
1078887
37372296
818181307
967374034
517321436
28906441
128214216
606426379
68127175
732512392
452651951
263477422
669037732
652192071
831739370
57592434
46956079
146692307
344768163
988750355
372233556
266870265
822476329
815947594
765948268
142997326
123189251
350046535
128296935
541569960
901106273
129375822
431458608
571803933
96749856
948780045
453226726
77480424
555206424
521353901
809992817
860374727
784831323
479030549
512566798
469087045
389139336
412039229
615779353
733907499
253305936
988012909
777764
75782265
656476855
766726032
71295943
779666107
969288919
199592879
173752419
722911545
328968701
605211027
147231830
278234910
553991072
600458556
355715334
961713848
121812457
18224503
822088575
759160132
497255053
187171725
80763529
886394389
451727306
549059234
472818240
705033242
389588496
473596004
780815507
46065351
92838389
852111451
678247810
62127308
51704330
852000229
637555205
233189383
309727609
784787035
363940645
863718681
385245591
719655980
677948882
359574400
737880483
352553809
971250884
87651888
539725535
52014414
826562629
991452841
453590000
299380869
549002436
843178496
625493226
182334295
741760200
718331615
34445746
272524362
632975275
938666428
124524592
123046833
24372164
286768553
907833868
388312809
3003586
145595812
960485141
680952468
505170212
550881977
33506278
328937449
638533865
425748165
233468215
317612847
269717358
687058215
616993716
818719794
530236712
95003294
1054090
124513264
813334909
888016188
397037626
298826537
679198969
374078570
421873370
703571133
660847123
182223590
944400294
663850710
327819402
904885436
344803178
832989615
308283765
230825808
14443416
946817630
656573973
247911631
116946829
926291332
934969846
733940546
745011126
317722910
828943840
598581568
442236174
494795102
486597757
839273801
646137991
18313078
213352371
68011361
721884211
874199495
102751303
518800857
390566557
430570706
276202645
735369735
116076673
584486410
966195544
130520089
383820393
475285869
378431720
500767222
401577201
313401566
87224120
999104680
631124477
916167961
597686248
73360651
263479415
936800357
765150804
909617406
955113435
978503176
830145119
529513998
705219023
932896422
48314856
95785580
215983480
324517501
683671667
332060153
909003912
502383563
462580242
145340657
977669433
841011962
646107879
231762986
6929881
733332000
83384018
638054358
502016313
681070267
563931361
765495728
470386976
181598518
527629486
425500412
12618046
210290957
955014410
717837069
995703731
855845618
666139001
211687212
32879472
202327020
543747365
941883384
557226936
6327608
87224041
387412721
699855922
585848272
619175707
706785803
319180272
702559726
197356513
821196585
236146345
761287875
439208665
706533321
942886393
819354503
984550085
955504439
29645460
792080848
525857860
877865544
647926466
44513213
89552756
680805938
99356585
485816473
475205674
656583521
344660433
414946067
43996242
44516356
794340
515688302
603818511
172490964
70764380
801175025
846203902
306910725
414979252
137928919
865960398
210381997
957283423
850510484
18402788
839445235
495107684
544260648
717310779
143034150
441290213
659379887
676356441
540646798
997712713
4078467
197230320
194889498
271540887
93742914
91922206
124851579
609431216
695740718
297342543
680195596
496915743
143546445
987106321
911894995
133991717
705583072
122276992
91275140
408609908
140679780
930720375
903717592
537456780
500547507
899268094
978746993
12443746
428140887
371910143
10156459
432219355
569140463
57562310
703760242
662883378
149484516
828611821
124830946
845225234
978470716
805026543
194657329
974533514
644649216
106552324
108525231
350232288
81345668
52316723
758842196
74541800
983037098
515076140
464514932
336100957
414344235
295778277
201061056
842485122
667688421
63733867
127220829
89345236
121296177
683497423
604744966
270780694
364625596
729575913
116005928
343096313
534602456
310663258
170146179
31768024
269731934
278671410
382000313
203593955
330988133
993358861
130652107
166541583
508435002
447683392
355158893
775295589
743461669
556219949
470297063
263666442
619953816
597517893
205528031
741249994
133531668
810272997
12030688
498157265
539848910
128036616
841253578
926967718
291216226
11399757
958735743
413464513
142587519
193252408
617058468
326092004
186611269
600226927
492633587
547562623
47910319
847792480
322858212
643888341
256528781
793155276
907554783
876482598
243189521
113082814
617732592
376721189
775872164
482279632
874878454
168237426
462832600
568648384
95205145
754048827
432564493
53940888
20029692
427668364
99709648
637088160
753760368
286320917
89831439
98910308
833883541
137741759
946702788
9258105
781630100
55747922
654929733
541701235
932230520
898119254
507300402
402479464
127356796
135688918
884759096
854751602
303926344
347591696
275916339
399131489
954156875
708480832
305588729
974186567
136149197
405298377
463791079
742425917
544135647
553622519
841336225
230535540
691364278
640555366
239793645
325510730
696303288
894723379
719728317
628533808
645358985
79545071
31013272
625232133
215233989
768288720
479983736
519160334
115880416
755900075
918291823
922553644
316897259
76396905
896740211
305562808
334211634
213047643
47988726
878347281
766670162
741841303
108882821
310550792
382396669
201192819
636061522
78699957
95916198
208306191
559750117
593791535
287851263
443279741
71540021
503085252
64084813
551523757
22245586
32481582
159940184
793053762
955035226
329353795
869450667
704291789
634916604
56178653
917339432
535421682
934525935
684009594
129779337
43408756
994560386
512176007
97117927
483138260
443392316
45550477
691444452
855658786
639342013
979295715
151454879
710882034
334897319
215539693
114922143
357142906
248021275
127378679
2713020
203056501
456732474
872163687
907348290
91649078
928342340
677204075
479587112
715384627
213730021
609366450
611309736
60806760
974058809
708427663
543945020
269967477
753978141
87905824
125626263
245836506
919717891
277081143
956718540
254615211
492620836
924157035
464274469
740642111
51535714
466987489
796214964
508268188
191667528
556079606
452433619
120009868
233283681
784537083
687910848
447013703
246419885
299220584
507820463
220478694
7648247
904281835
490446172
614142740
992187660
468588787
859979246
764421903
745669930
669214138
19037114
90807118
593371173
335827935
683965581
497423239
802815424
480180545
5691428
994482952
36260152
310641399
967009173
122060185
95178482
654920021
421590240
194114720
806656957
929410703
414593414
666821556
686208891
757555938
280964297
530912903
226144726
140943543
295334806
824331008
662674034
166888273
915138127
108561559
502716208
451620060
605984799
158047985
931800606
464192579
152530937
820577110
774833978
119540110
795153647
722528812
626976483
216743888
916643532
286149792
998670943
183753299
952971349
684879834
941309237
86451998
68309089
19970315
79911893
363643896
844301324
742585927
383048521
611955803
851147487
885764729
63575863
457132286
43812714
847892821
921324865
48860004
520986283
548675195
20916466
168656283
123720359
500409302
385400171
892880244
786559094
236587466
76633543
739530443
921467301
870459132
825982441
989776390
742945800
905894335
205936638
439763476
500996614
588985159
51719279
352144101
327266241
967811494
661792739
223595307
668220668
435633956
124971663
41723303
984309151
145888130
210379586
960545863
646297432
448296109
853426107
285372878
684883576
782576002
24903322
458867229
505551486
703402115
301159971
101013638
461812802
507096610
540777114
962809417
948598121
445012745
167469870
128380714
265340592
829262610
351976022
933561260
117412918
476947685
827800915
101722070
475352167
38180502
914784285
121649599
338992963
620726744
259538830
23876539
255819098
136958504
482743768
761370584
840360619
783903740
862384223
154689774
143516702
255677689
970015543
92114823
700690435
137485413
73011890
966031027
819264375
424987912
752108639
936677294
754451949
579909554
890915716
229804117
470606408
658216353
203970068
809599372
278943097
463508898
685992263
534762195
600467402
21252384
148649131
293344374
805156124
863549706
300550500
801189178
119227396
270566043
745820353
819917831
260567808
818832243
638465210
932348536
96336507
390573849
721542182
850788457
822999755
464974250
80592574
146122516
123190603
137078994
955721888
254650052
453104245
494230503
789412247
53571647
515482887
790577730
199432373
173155363
654127437
499982873
974344541
625871185
623065268
720164895
298305368
883633077
391513490
936770578
668497965
487849998
179860779
390040147
338638455
2860534
855014397
271747381
148983050
830721352
261342727
957221290
85371404
714446972
451451794
727300003
620534972
966934681
517877733
819967345
140090045
24521522
172466571
966950938
650392707
795531839
539632185
948698075
531681268
931145676
737985005
52695585
418995674
917845784
442735732
610150481
920706319
150266481
881897862
922205721
980987833
143240589
879427012
918875589
710203914
183395158
646175592
330738886
2846191
16569678
3222583
995452588
41091200
28205506
962403527
544000260
823737346
354552064
345214687
207934966
285697740
83199693
260630552
557209766
853561829
555882636
167360247
626784500
706149118
901774461
548990222
539653303
897531403
280933586
311045245
607735317
316845096
957220837
790990555
319691287
826306867
794213138
167660228
719914420
822418645
130063755
116431032
498672343
337132171
461645719
559123661
622829912
397361764
819754213
32556030
103439946
228153202
199916278
730224446
934302320
101690739
131731020
326471975
851738494
412664606
637517220
311990163
729509702
447254410
102980718
901717342
126077629
749710209
69377570
845992049
424645206
51957677
962423081
923317549
389089848
276585153
334957562
864436112
673946917
7228128
896992143
777386863
235381330
96908421
360127662
22200002
51115512
491858682
348671977
755370359
904523289
838705550
67360522
486549343
138476312
22857593
240783037
264553941
772567802
310160607
110545991
197213008
214634636
72969072
973046909
603724485
202070577
308004471
320676949
876017495
315232599
217669092
505920710
550613929
167093865
866048372
572813931
70725730
210423407
774002261
826096089
114946696
612707811
745972963
454012391
751184123
768830556
694795429
15738064
541398358
857472388
978800407
591127718
72107025
904285832
564174627
528347862
106356409
724695451
849024811
834890256
39928050
66693904
193327319
443058332
86304121
59375691
868388615
9546203
122315450
642390876
835642292
89778498
107615039
434131608
543790890
711315514
202962164
91102671
579569931
596876875
948575059
558370338
188004593
873198436
315172522
604695573
401546298
421528932
329391024
103087462
108935540
221835426
22297718
302262859
517410110
108601839
214154903
385798726
118148043
336470353
880705954
806306687
426248852
988320994
240438295
970039742
552152860
295916812
913658765
131722791
892793687
714750176
542609482
80798280
587948613
857782004
538010205
842011263
131827288
867401229
945098725
240762829
941753008
967396443
543025688
459163118
75998283
757180591
697478196
46662678
93650945
578184151
852969365
519899797
419021497
945924013
342455891
971174357
241840825
108631008
955413501
134634512
823381184
498022983
67949144
263846149
208321339
458475702
105857413
340148628
178393283
50956138
580911457
120146291
870868934
123937145
431825762
799383569
881117737
129303958
846046247
827285034
560004461
551531964
199701183
979025958
349972329
542157074
802716668
591813154
650788082
610646521
578964018
326685618
108669504
499429515
590531768
169507195
957905217
696389181
509655823
136298500
599861671
90567280
108961144
323246957
67020778
540786906
122630526
948138515
522607216
821193125
627939901
82611678
225241442
827641084
914153988
575213771
222314510
569387008
19543278
873102592
180033529
598507296
52304562
141219385
950453163
642836330
310726581
760874732
191741863
820382404
749689585
791603535
763466037
858650729
114850492
830486815
251953987
89997371
631141682
774561203
911190496
259081583
709689233
136431938
86722667
623843222
564162062
161553529
45746582
583705340
34656121
225780112
34728988
86960683
219515849
985182152
582313366
530242430
746056884
774055229
203141187
348262821
418175116
966607224
59429902
385541961
649610391
311383889
475539332
280752073
938461445
239246180
392350008
648150678
228194471
331589027
124510252
792356533
493142556
170256835
228578225
380315029
248553299
263307213
319792064
468069148
248489365
902105430
998311579
847062602
676160660
53969118
195325423
94335776
873092694
254755326
332394089
522703085
418655567
807933421
655971510
357117012
899695954
48321518
857784043
127890425
379910545
982294295
772763310
873053101
5067482
1341535
105884482
253620781
117165100
425676546
721689930
365654466
327781977
572517861
65233420
856458989
479003331
260558843
803311117
352096025
367830521
135705207
727315462
786486089
796154980
383286972
143603101
695850934
284124842
853903496
676257711
664035387
688714144
301537373
389604840
693781626
155395260
495489322
799918760
272560361
921165868
374125042
490731179
101464197
946642903
555964599
957923186
278162586
816523442
613750656
630258611
36870316
749455863
210090425
823356405
398127195
593377397
819475858
93978130
877502239
673379355
622752193
394053978
214609851
776805919
636175170
908391477
932201179
131664492
560826589
57277892
905346712
934951631
548009071
859327262
734110886
103973670
669766800
12273472
773013465
283517456
495048435
809883781
885489671
705138860
485756538
283616867
151032609
305232396
230111349
28534848
831128103
705379894
275105178
45737954
482185813
911280348
806645784
266903345
895461192
367472373
176697589
653324257
154940357
724706661
365167871
889051243
681196683
34934671
901324716
306726500
170968480
248889503
969126633
56458151
954028364
454883171
192591370
105060973
612631920
422702719
986112174
443760023
128082614
113733704
342014330
462784779
25014053
148660114
582204476
772991597
368648839
758902066
278832206
523589196
336125079
644000077
412640440
17321762
531451101
166481508
176564615
702419581
415371011
145691248
758877732
221915727
453090772
951469103
326976701
65722692
226688174
165605227
361999067
207287140
279338931
704013397
522588272
156869336
705189863
104792748
929860934
73838703
863694814
61209492
597427899
52336245
557725922
862584691
69658008
89177023
29066199
98738975
791596604
296953563
96946575
402990688
518869290
402553699
206976143
698362343
320792743
286180670
863967570
682791811
493467810
143306502
239321560
16056082
300175838
944511424
973365183
82553124
870866479
689576349
143762617
320810730
741912595
554004891
183395422
664086955
643181914
64977973
762825930
287294870
214447888
712288857
542801910
733317179
114842557
749778054
284195874
435635300
35958724
148163445
970943463
381942886
143986299
62781376
250515321
444162137
7292800
76396856
379231614
730675631
765973205
375510583
51486361
507885800
929515474
87398135
24489107
425213740
152376109
787315037
712508610
366823997
352120247
107826872
952657528
466962804
857604926
236853403
755114456
746080002
237533200
726057920
980539241
381519499
788839296
83570914
825681636
648648448
159967770
57429602
231840431
925940975
432940185
283326792
286343128
362455659
370724928
310832235
787669399
375617389
98147273
352694361
742441386
302783872
460521234
547615267
769746676
170642512
784468670
377377484
769238867
22001870
103435404
749778108
256037721
744791052
833349022
81719357
245955852
993316792
139148960
477796283
771774119
424605497
613639428
58117247
787061157
984364356
368949483
427246908
212498097
319613108
632457622
954939483
622396980
92978856
355071102
244660008
116137720
139539772
622037492
885376587
14057994
577989249
487671047
122612067
175296653
173536421
56847777
273768858
19369565
48513089
751565141
791143685
473118586
217720921
701777284
112696095
54601629
70726767
539943004
267099726
242856227
24916978
74555562
717769559
117895834
429626664
962429567
86549906
421682789
436983412
824442846
288257135
867489013
164630245
410869203
42785666
338166667
467716980
169070876
210052584
516230069
920636018
1196269
989348655
138356939
555489906
102044751
45474921
478733025
494504107
312574647
721589253
519421085
387130209
291875164
489833271
816756874
106821084
576383177
238439663
543804496
253342375
526696798
263809861
417972621
937566001
159111879
756139288
257799333
328182756
966191872
774029402
101335126
819904494
763378058
92208417
227910752
717939161
137683338
706643777
212443268
450257986
280749382
731864353
837388195
572624547
74213976
654145069
679445631
650597153
745101084
75766479
903939529
124314235
339576340
174428502
61880236
498688219
930567790
172195922
826870975
749276014
946225324
928206101
421696860
562119734
20414519
649607612
280058895
158097857
208767742
345018515
608355843
489517124
76882868
298260391
62141671
3613196
952405460
741587302
654210350
550022897
817353781
410666231
674337132
9446473
585094733
588733720
508134693
368178875
760929642
335005668
969971241
707154967
115728122
244184454
121791053
136142641
893792066
401849949
146756850
102559808
746868464
755112694
444593285
676267685
53373085
506734956
679880881
858294897
100838611
186607583
260834146
770708744
449790166
935171278
780155218
34884899
523904999
288289911
255580126
137350993
475811931
78067720
844505960
591540053
322252174
966297014
727682694
68560592
220663315
874439545
23636753
820048131
482068591
468230038
348832168
387958028
974964994
28713050
98769277
928319957
67836985
359603424
699028702
517627152
147291054
331700272
405028403
671196053
619990183
513124882
808547047
95802114
591192602
505569359
539858520
913444776
324382725
120057566
982005368
397562392
994497111
5642121
217610524
329082054
473872159
566442692
569556434
301353506
447672094
668325712
82189815
368025432
880445488
781218517
885652584
27736542
112918789
143197339
551448948
585425324
656322221
212512347
533743791
100031175
718081706
73602311
13475951
894980784
46176229
995481320
292543176
40673341
853639793
362670052
222271747
180028305
929112745
791828182
481381811
229301191
312670246
563571626
597326623
45632086
197306496
335495559
73368628
162741637
331209251
624817576
600683314
987531472
837329923
134427105
87562648
407927982
60545768
953554951
155425118
106721997
801552623
447968294
999911690
655192417
810638347
74699790
835220722
592267444
719044324
169118885
674084987
31714570
585206863
123927963
77346656
782513359
459423522
3231636
797771349
790632773
480565565
398454663
630680598
170411840
385398120
570759598
578339822
298460240
376830901
733764940
257698589
178383525
34249587
110126632
686092294
697404286
37342774
373829368
142188082
756387098
542948253
816273069
640618020
128155116
940201032
570481028
763184828
252140907
573712664
413472529
42773680
54278229
811927192
525970630
77206422
49841664
949246580
655546244
200818256
326077482
241827537
458516845
356977359
128593476
421159829
43069653
825997762
458502603
416899021
968185844
214889701
812363626
784458913
855507721
793035094
577176298
278505101
408736274
829317205
852217766
822208803
724607237
759012347
486652347
103094220
836218769
536494011
52340800
344281366
737312267
230934634
438625255
48345465
587911993
567218731
469505294
630981646
393216493
928007898
900397019
213918689
995413951
712760645
998377602
703438025
358312092
428070252
981943126
767048366
257387457
686677244
589257170
981994695
298205944
75909517
85088915
134424713
464919881
989946067
331222431
54748500
220880702
769847686
103093965
808792695
189582769
425115612
292290694
582799262
205639862
45204065
796717951
53570165
757964711
647611906
757008190
116276803
75682158
738951317
735841521
185585968
278144913
177615043
20097015
576350857
106040913
957702282
563291923
570960794
947648349
894514354
478225646
21045403
516878393
433835964
682354451
706461162
858951576
974645145
141776777
917107790
19849210
791011080
970677955
630330273
291139338
727686146
599123428
219337849
319153815
187481302
404923817
597298728
365096345
277537184
26165938
471137258
235239466
589457861
42098052
35404167
336488567
372840051
56449571
853366960
806676015
591320374
412344475
518143943
418481871
406637604
435251733
290847433
197648684
258446040
921177707
488788023
986132186
372817487
708125872
157802353
560298789
965566041
607617434
925395135
243103225
633783372
249048745
330859043
223241233
143663150
366263210
559729800
516503201
275229133
265613113
323179216
866549507
530473940
841323159
137547730
937111544
129091244
428395164
134760228
387537284
202089223
476064603
226185823
574906710
36706827
236504528
987721852
2272868
844121962
765633339
97892445
477905334
14682084
428751488
553662919
158345234
647531051
113392720
674848435
922760184
231522185
850544003
641826044
761996125
544383514
779373774
551624021
673474758
60285290
538900601
913528395
262374513
14965205
139714218
837281224
904188384
228735098
677519428
758977605
72857061
443152767
856870050
403278747
310351203
138137891
956941667
468696438
785668942
922850739
996061225
560945478
6889276
846605229
55287874
768885401
243505095
687178001
173025774
916979854
747463291
711926375
683024601
9837805
579407932
675255171
699635381
483596317
903990269
377154809
95090274
976847330
672823928
951960324
232642430
983175131
942614567
189584097
304387921
580799861
112434836
300449147
141745340
119324112
999570728
49549566
740725865
243075823
736727567
913751639
12572029
336707211
478194366
695596630
346545016
57602299
223368153
46180397
393714968
127358423
275851558
488805242
956722105
948675486
293281918
189364535
784366969
235896486
231464984
88754891
816696347
196416172
241720390
810958039
168256636
241291118
713023958
908982501
336883293
302267877
675250492
349455323
638975088
5961211
897568305
985520104
63563510
120936459
884216853
457278478
100811234
12584763
946083720
57533339
813776601
91881990
99414227
598143571
327778476
330879211
539414814
996991176
527295384
781135204
660465567
695552020
22426322
373489525
457050874
211825967
675757403
132301366
561281290
167248843
138262577
311365948
5285300
54342439
432302407
889502153
364137269
533113641
754603269
162737341
443163332
568379870
254619332
542577559
19039793
582397808
873456771
558454607
431905336
400752155
192106163
92370904
96304175
67048837
318376781
405871401
278874805
994134184
390689120
840156095
13899380
381468049
4038395
19184680
435810489
436340802
908686833
799947758
821970795
515806454
962685100
265134128
84186325
69820784
807711687
955742470
652218592
533684810
366713430
84123929
934436965
558819593
29011185
883257493
625868431
347387966
141645246
904743236
194038503
532334366
597415683
207937883
913802416
601454079
227122563
202129257
37794881
988325748
2077015
712282029
504132203
817278467
977416157
440834880
887099251
637644196
249093702
391834196
23845359
615807132
328474477
958282324
174626726
210002014
694056169
800495157
557389980
835701416
557754745
603944835
220552134
155170428
811882718
134354550
756624507
891521633
336483807
646935741
879847382
191077175
211734122
236495937
860871994
41666631
529847169
600487598
679310827
778940871
992321794
703156186
394748004
173312623
513954863
421891082
383314637
60527384
74902591
793220969
748745152
632657336
397165805
969297287
787827764
61564875
103651837
396968624
953086509
292651997
896420717
685450243
336245524
108154839
774462532
197117518
149821470
304309701
797605116
681648649
83250572
642443262
237321188
330514928
668272237
751276051
752406010
51586874
664319787
827308601
697324196
413064940
312482289
94490001
234878579
100310054
8571228
191046768
349795030
814174089
483698765
98732099
352140684
819944289
206886938
126603216
869578160
209224760
283429269
519699628
890873409
219196194
14659243
128194597
549711122
682931480
731987000
154633485
587034707
396306788
834458438
284358903
661888080
146940728
231365256
896766659
99767134
92452836
87813427
302078516
906626926
424028545
400810615
258767610
96489186
607697553
237887179
966067346
816922313
521316448
485766975
560312074
740512642
500426218
688506672
142740117
35874050
273010024
297373602
622908757
669316812
131832040
907267660
183721244
131289120
991149268
80487903
83572606
83602105
20817683
385651122
990229031
444846228
786461737
101512993
541335414
246675642
339400172
507402761
63597955
860716621
845686088
476426382
453745615
198628658
17449406
596485732
234502708
290459430
893859334
857411466
959776243
878207727
617195478
143497487
862013199
608344747
76501743
945585806
544463204
97319426
331236928
387208587
542165654
117698666
488721580
83501068
216890660
680638105
443420181
133004968
393871078
141622621
609431350
847616693
340251279
626880756
444102426
574753988
917340186
190478112
432165454
729632781
921202191
49360932
725646621
783215391
510222031
802148364
581317549
54685235
751984142
912554477
294410174
146666148
882769495
783131755
82683568
99660156
316286212
526103750
85181476
710157290
667726371
694612826
557773983
7977651
321493582
854392761
435247991
91350120
44870874
867413445
820982902
818589417
769290729
546629523
454321160
132029113
201294239
35638709
39230700
953278381
800709539
333640875
99944529
535995386
969288982
35144449
488171894
285575194
561248199
573353370
995732484
81490923
267966196
406022819
941984926
441976130
112931933
377232917
533326251
10319159
97162714
354309153
828908576
718969795
753455028
283229737
850998908
954749267
171384798
742745961
760544000
972094337
76386836
713004881
508089724
898192170
748149330
996261618
36283716
161913882
422131341
32016200
95921157
690097537
290555371
37906083
132073668
403487304
267655352
517916271
413806463
364818066
872225424
95231392
83787861
478196804
378461129
787303122
285462423
549845927
382565435
46006423
374456617
311468623
611527656
882546341
209660793
212193338
731324311
245944509
226623572
5972004
130477061
322544729
696069542
273548784
360450812
680659562
677036089
628106164
51092185
943358904
845440582
923317609
38590296
781744796
254030765
269567777
421564270
539493188
819413705
804129705
438015963
46386674
115598328
49543619
928933015
177775473
114253309
512773678
423719982
340876882
518745683
406713395
663421611
67331577
680262179
876388776
600507491
209814620
357011292
651599676
153173525
202451875
427433637
44280173
984196671
681464402
313847951
258277293
220957590
133261656
62406998
658973553
32164682
30521678
561033524
961097697
208297151
527803185
326387727
632017133
868680067
697649762
38730528
384618031
764981339
571509059
113523159
218005182
781323680
470534451
869604858
934497205
672986326
297038495
978777378
509699349
978502897
145141681
767976642
51976839
130919689
682899992
563466744
163084371
713421670
124500268
124182068
921718821
504819806
303086148
406252306
226016225
735910
297499186
610634256
618233602
869008246
724157415
836238784
650331926
47208219
558359995
437345483
720194545
855398490
268639213
82410247
686417740
413780895
702903241
590910931
544700584
385803234
154377676
707784956
99224904
131394296
684483376
873460078
636214102
840085876
279712384
862230328
693338139
577211571
325380936
164088093
298736169
902054704
326877
949068095
949262923
411203224
238929930
521973820
119118067
360085495
604384067
805535807
773866390
159803661
248963090
171083327
545606895
403340766
731384635
497348151
387251415
268384363
223324581
23465517
108470240
503036966
738212197
801808379
932764889
916109486
965896472
231501058
818164190
818739701
33085505
619943465
82459278
124531787
141917285
201577345
484617282
598817705
7113152
111000025
758621366
108592594
282083352
156744613
511933361
13467987
654092764
899184776
134368702
877417346
775166645
242838942
232970664
365895195
897163673
18251905
134521033
715576497
249752963
952685223
386832551
135354820
425145040
469291829
259886607
567062325
670869174
744503889
18396382
530498678
855503914
777017748
639091272
137587266
933762361
3540985
3571605
440371478
902725761
137940308
170305176
530408759
233295602
403275840
748820306
130459276
421527745
883341339
698552125
523797060
688542914
85384676
659151880
113687954
554676505
919038487
533266631
78062031
663542376
551663014
608560709
371562643
328680762
247651982
361666261
114959476
251192967
217754219
555330954
6435081
208210879
725636130
389360192
441506481
128911970
138180498
424482109
402956067
21521837
123034235
926753127
562581103
60935263
438421359
676269057
468128121
357459846
62052040
546190152
873518574
613715054
154750862
245081217
942395817
254919196
606747479
57355293
506112163
824501698
465202599
365063596
32712577
190838729
754423788
326735410
172267051
892604286
603733872
427739470
766642475
579284459
207008949
181739930
640219722
645430308
858008987
108347843
2890154
920061028
507054348
728925080
386292434
661805210
974006298
181204603
916724406
433270129
91076248
275352921
110288179
556278847
640416518
995517108
747117576
247356658
174768870
771900979
139960945
778502742
199640449
759119772
357787201
406649398
940859703
850523276
52079706
651385042
811387471
907486212
423962422
318441819
488927645
810254857
832763381
315450295
991459460
602004139
748720424
82535709
877357061
711524955
491330908
370289931
707042063
90964837
617646589
881810933
862865816
610123886
512830028
62506266
221760011
870617229
321672016
15136066
573656857
226268075
519037460
385044329
986270639
942999883
556002500
475198284
605771092
388765882
790648579
449746904
990770021
391885355
384798965
720643434
103410310
876129874
943449717
662968725
967094711
413612659
397296011
682476879
23736545
910126039
597499497
98012908
633259620
919171514
113148974
59432830
997955941
484702787
444477159
984226580
280219022
479659
311941217
885990114
241761893
955106148
188253370
85048267
199507856
425568688
658208053
155434518
154214914
601657771
818403244
121309625
15270430
68215607
656302856
891523327
830857998
253802354
842052588
316633970
25490220
807717914
376066800
23446161
292420701
820543959
860189093
572639723
673539971
24646662
311146189
767818216
979752811
351915912
852866483
31777019
777484600
363590889
187211537
931699514
965248660
5614781
905525491
833035442
926346740
561828347
577075121
757204738
668147053
271644061
73838709
693637273
79361976
302421861
569599786
224299029
122965821
282305232
796938753
649022144
159468246
960601294
269356712
139221057
312517206
122223196
23514428
90001806
338330437
210725966
874217672
156095449
68857099
779743163
989130891
995203840
194087863
418722364
604924930
862234916
690366426
531279991
408388542
622244754
833701853
830504680
846543783
809184026
112809912
495998888
310722522
124794511
456600183
580079234
116531920
621633741
554818782
140046349
564151900
893149219
350772315
438369572
49244668
419629414
70629088
890891911
414833254
117233303
162130628
19758185
979468219
852497054
403554528
240373113
327258160
237256381
70877794
173801943
46440407
36204058
669800832
209679281
13514921
978917367
789758516
130046842
600551108
344577298
270093191
17219360
90242870
620865506
455588933
139487538
40494920
378734373
30379450
307844527
495967676
45026430
180119064
327952247
897523484
583673592
568325361
77297996
820929974
491719507
251099939
719886733
380439917
773417123
929566015
393954839
752334490
571840883
524001681
205401951
916418181
794094872
222621311
6661051
267476730
530726596
998664942
307971650
909460969
881560744
615816177
405428645
926587174
795935241
733380893
676627010
232125186
154222606
753925006
53055160
498458465
5024945
625458245
878898382
630958421
407540612
125369573
235809263
979381495
501887606
441211214
748316029
148498830
516348878
607493432
415975560
47075474
458674726
723947211
956536444
340235470
192279740
214481441
119338996
840731334
800378686
795966006
72856520
954601292
549891012
978428032
305576109
407432310
456402629
36990844
38390731
863943242
162360417
126716346
695841089
664248024
567927561
296673470
812746854
84276439
756683255
81238767
983868265
215357981
805185978
792921061
408109804
849982070
7402503
527448800
690713404
660297541
323414807
616086276
467415186
725822171
594514308
772991295
133254481
50916938
809982139
24161564
767376532
972342557
3394263
315733973
489106933
571321824
464923796
154370139
508114615
221607051
235608906
344499232
289481384
893311236
137420294
697591188
743293307
997339149
225039989
286523063
657636690
400971148
902609340
125051876
126793319
349640000
750559524
112564153
253073290
560541663
989242069
872966174
385400572
992636332
41216500
727023857
416474508
506140296
881393997
924589123
727747347
969519255
121604708
17228731
862830492
259025002
567336272
458640151
108880503
792376261
597679566
766517193
45863761
352805258
744085422
172657080
702445259
347161298
137737585
808034901
907702961
126979655
681001076
145619886
119615987
722217576
872643743
388606848
80874224
606554092
165712323
808621571
428589700
287317031
678366654
143936544
546342033
98219278
602576695
655222536
890595539
52772613
274256082
936459300
405577872
870857856
961632733
108023131
218019154
99370318
768574384
978238467
78866325
302091812
123858353
50998665
24309388
849018449
439605513
105183612
308088893
605317836
766321535
736678593
892634868
297204542
880615137
291493253
395423820
335708184
946715790
138535712
388480798
73488224
927511364
794058670
944346080
889144097
754598153
14881586
841030768
375688889
993120053
919897093
677780702
969494759
970895758
554606442
671029560
410501271
512306407
831634805
15819108
131144294
420829751
760970328
428348836
153961240
52463581
676289009
489669425
851695723
814824721
730666575
925183947
594852437
377241597
722046379
336512887
131839750
589444317
177543655
360044991
435080723
97440748
37825693
257091834
920852859
592432136
928121394
183870482
104738543
612272551
52205942
88399189
33102302
813176270
516748026
187063543
865639852
45553387
529249320
569851927
860378108
259915895
347552227
307746897
637157492
69598606
644259784
621513594
511559276
821803439
981558585
946639999
771760540
871900631
203731833
545129751
316849119
984369579
729000233
274104014
596642130
781206176
362503203
482260785
594382446
879251229
669324328
312538650
924804616
51090000
882390578
637699076
311005895
82459157
945445974
800679739
4574115
442222110
274709685
516133391
116541902
108784622
462773390
888302442
980685253
519021575
285948545
297534372
503391154
14948778
571638386
952549637
796154954
934141590
434810422
243053753
665909171
956651102
408108755
443230140
7741102
143015685
933445568
171263349
225474842
731407894
971943088
230048958
173630005
246652773
746182349
290171907
355437395
61472092
30990701
188639001
580493667
316939246
486173373
83884822
184404376
910328112
888950811
980559331
696986054
176277585
76129436
215411577
132928687
484238191
658641717
140669789
627253877
444603638
164449490
852728719
176011532
136392578
82777677
202157889
235561703
681476379
492329796
590999098
742948471
375836849
779638099
323442138
692776095
118327825
259843312
877180472
28655937
1310475
710256155
578158343
177588060
638901943
793569920
310516747
123140134
304727990
303702888
602910363
749331628
468152378
308155435
925343160
457061308
243449464
127501050
692623011
924925843
472347198
136138462
520390666
848184048
915776561
843832805
393476495
886620738
956192469
123173319
767793027
957502945
685945826
345951370
135091005
324847769
139521291
298124105
300504256
296765633
601826993
755930971
46097261
922495724
64086406
823956773
379557032
160052223
803974175
72180044
937494418
128837726
60834858
457885085
977021774
976611419
154234242
223014621
715748510
110426711
198704293
483541537
920446008
884650119
682009260
55537014
62014241
674046903
206177471
362518497
970812536
808004464
118449468
16909797
583016540
35052227
693382922
962573573
47620802
497357098
887269969
985115220
626194824
948104827
295516657
455732950
777232598
302267251
531263923
345497460
265210315
729968216
829038998
185656323
614618336
363564610
93709689
676632577
37611513
299887160
891667426
8424049
960407977
862633246
877850198
543424517
750201825
423749472
358514442
797822627
921106570
98300763
635454200
399817746
898921942
783487209
708067048
528670893
85754461
239330972
874168353
350964776
969299188
555723703
389137451
436433876
919288313
482847141
965582805
956899826
635250653
857250231
817840227
595658630
572399830
548206777
991599500
322601655
971956250
202630294
972940635
745579172
300931058
460911187
997913271
52369352
244398396
705980319
581040245
182669209
797827643
455208599
533633985
619643184
10932302
922771437
56077060
782736968
258134930
874176218
592153146
893385583
583942801
262509726
341560566
156342631
810716503
185676418
331460639
635189105
388306712
304401274
233284630
689237770
765312461
83714253
741607123
862227209
789694572
175163720
44896419
440038568
630372319
431046756
59681752
493820974
206334545
968275164
129074294
464469475
842451382
721227440
210371411
278910536
983737166
404448329
435253167
646970022
590124747
766713806
134675479
978431459
923631432
367960109
520185582
541460245
451674362
114309057
403687455
93885287
289472777
301100226
533923855
919845097
732146982
446121959
266182423
938481528
414397123
395256717
255467355
109364858
116484157
465838766
388275394
952737676
870287095
676044913
599707698
312928194
295275072
734383177
291359654
218906504
954859639
811545236
760366750
259050353
925854293
16570557
352935640
67843422
317670783
739375847
987688519
49817765
185497806
106387294
840815645
452411282
354160363
96283001
561776140
323160873
414638119
802567886
275898549
137441567
478612799
728122599
450369761
773887871
315022128
741729415
845310728
269881767
405791003
458193830
528932121
184161648
474764387
734384113
252005071
644951522
473759961
92209942
547285639
511774119
51113589
388101285
964185401
405273952
336900638
378477893
728434825
751538757
181045779
4333374
888980324
512174931
584972325
339350086
138579154
899994454
933595853
983889882
22392573
191903209
442083712
551324694
376064857
769364451
138225160
480586280
414315973
611985121
572796223
961601613
123759240
623909812
202219250
940460994
29183764
539119888
318938887
610134942
143174997
352501019
466984668
32155322
864675950
51956994
224021760
3255104
951951448
157617613
987144987
974344021
349520822
281745051
378185068
578102032
51109503
516410228
58688312
317941828
980911701
484000887
132059793
957187293
107910699
186795395
897648287
989610816
725915283
69103527
452262110
869090281
421604546
919246778
753761955
138796848
971203772
977783715
142051952
775671572
135401328
981713291
602531946
337438503
115974695
833233366
915540535
19600550
202159946
826745199
337542378
183071647
310746087
322118524
140258940
271173138
508913919
890423580
113300306
87345555
812043459
565562416
956435836
86164357
337325547
562714143
224961205
161045671
540497858
367013157
936717244
528415538
201242801
391765542
718370393
317217496
77515260
486427280
336818046
279675206
313172480
674360424
462746853
476434919
996478948
455522145
747608057
357909220
198462077
713424716
445254775
10505536
131503484
254206963
96669893
468829031
816921106
174147450
629874703
209935316
541160608
419108299
738350854
742403409
810873841
309237600
59620905
888389101
795664880
248955303
20580659
108837360
923315727
483327512
437788631
772311028
791366009
37913041
130220248
989828087
751337757
427991375
852849975
882841241
682198338
802036221
351670273
499119444
976183671
981544976
709054760
369860631
253169627
299921966
964780392
64043468
609159566
876917649
804948921
257340799
125872952
825529580
218694511
901705032
161373444
656483143
526532412
952739453
694396184
509269012
795083892
445733941
937260387
500450220
181091534
619458725
155002793
532761807
971094521
983702816
366823135
532665633
206079800
619992762
832587599
170860192
536552582
294263518
47777842
194017855
551604317
26167146
872063787
770298828
927872178
33437231
279298323
306920942
838693037
973694507
816189954
486293281
271944800
753450341
839259853
453036335
225425418
994262646
985798142
49036291
830481815
205137630
581701924
36561615
677646744
266805876
59938159
66715679
561069394
107716001
260733534
965190063
986399500
132797322
588005243
766788030
18750905
867303567
73708973
709960294
840998074
889898927
48769928
112942875
495865621
888029781
418495562
573807391
734808780
256810056
622843683
417806947
461947686
204545607
454368562
139594431
471351483
514306721
58826462
884937229
474539075
319559996
850127292
313454927
304873670
290648888
80242957
176140928
157952455
6468282
738617574
851466881
896367210
787387502
816926108
244749183
527933636
235421670
818556574
115258768
492231727
293916609
533065715
806695765
498462217
839950629
798806548
822330052
206773702
857633010
707267282
681312777
29709359
409910926
994767704
334583029
700559814
927527014
363240309
711028621
933995296
101857884
562495503
682878858
741761738
231937963
927628041
122211726
467359634
598700968
237470494
812107713
892617577
623052561
618803478
243596146
463003190
270126379
65926199
669776893
127759389
625709833
203606022
157468748
888137111
50890079
344568130
441213278
978417093
707808439
152241899
764928741
809666323
567253754
447807600
403944414
799191718
227951993
526156140
119067704
679169313
763626635
931175417
424303243
239195548
402495247
667899389
702198739
672621626
586341940
224491984
800381016
64568125
280614358
810366116
952705237
331504437
154934246
246434867
162437882
862742686
398676766
927366624
524925361
965930521
227690576
928869775
617638591
308158921
307542268
736706295
987328235
71168903
667881712
411631478
162880803
70376959
932047219
865079542
595514938
370905512
942087878
248412306
435473637
222702237
58778422
240695226
406723026
66229021
487130093
569160909
928971707
738323212
349043885
306413420
556770085
429250813
87799548
174408676
737409734
395341816
911114971
724737969
319027071
431513035
988885799
481907874
354406346
920933019
199503769
949921284
144354883
141591647
50849942
579828520
216810236
109628365
673040099
623533263
175857386
12686544
45210524
957345445
751009756
246770761
116275217
307779841
676021574
204074765
334704869
413431308
451932933
98336192
990685630
770960004
529849227
979571429
105384231
736771926
753020800
157404352
539209562
897375683
151512351
590059505
329720556
368322588
699687870
2760655
844372203
728061608
15447199
889582727
685407053
618973308
136353488
801682270
926753149
664891414
858273388
113974371
78322722
310206321
212310563
921524704
933682678
742159791
753612486
39066909
331448069
359149638
48987613
870657631
109041674
200499964
460717136
438762230
568822552
12921358
294039237
265711107
740982966
162002788
7810186
278906371
780976096
144163674
933104994
560245598
661571440
791378382
674219969
592410515
954101055
886530532
513935219
887783733
481206675
120064057
779366994
812654744
479213696
828354607
535828728
588255370
28854572
996545864
27017600
450193476
861983575
173573189
715904584
455482893
188092329
723714770
734389265
969068426
720394797
520010611
381830376
234482589
163905345
908566697
826893104
118006400
647613581
193344676
858306486
128820257
313408733
490189832
793991353
792622429
171060792
182336433
380877799
52431716
31398650
260411751
502625192
893382225
286501292
71046128
348865118
474593622
647277251
935770735
296178400
220188400
455781346
678008776
454670989
619686691
439091825
281564094
590209444
86705406
474908770
448515930
68042015
788317503
938705762
714549721
433456285
109766554
896886154
814334084
14714622
928284804
927262188
517339815
821667029
213763480
440902295
23048500
688357102
88179546
958819235
984535502
308367946
267116934
515060630
763038936
739319977
954152455
897119382
329529421
893374214
224544504
630561703
961416229
12862007
421783818
528482302
298834644
384066724
425368457
113168729
398781347
206169613
892947269
916121162
27836643
106710749
209539809
903401495
647584204
297719356
714737082
484636058
458603654
981854016
852213041
74158942
573690346
658881848
971278324
903219767
552256062
195822828
386297823
366188644
61201188
808081641
894670946
360035832
192148365
172555755
325720913
590929712
378725369
71184534
359567226
259078364
30411636
569107036
14996211
677995840
719342744
729733293
15148250
177946398
564103662
867361291
252105341
137794008
378759492
75900017
893530127
931015554
271722846
279827950
149720550
185440386
87909591
896907849
545476218
132574309
69463604
723713484
576020373
300705325
794898018
935587600
412300041
825309654
357210988
427296252
355821846
76553732
157029546
370970097
107016482
721133208
90847740
211638175
711443568
469607232
287538193
604973695
253139139
559261039
737317998
255376041
744701425
677743941
152283890
142693995
810318250
74263847
866407479
238854976
227485524
513821850
26958928
639785566
339131504
384169916
67081818
694953351
313240000
76627716
918439800
272772834
797760924
9287540
484411010
361720844
331411125
771949203
966694540
437066616
183726594
556528890
692442657
928428019
234272831
844726548
923638366
897107434
771506747
642562198
135962410
998992271
156384048
162921338
638777837
348031904
399607606
558376008
42985255
712847606
635003724
813941407
985620440
285281001
675745300
322547802
647001845
7156425
94497005
466212737
296739393
278223599
22741627
989182050
59167970
109530811
686424950
982806337
6638245
457931697
477884887
142600655
309440321
634268935
158038345
948218158
982300839
557645951
359110518
877802447
123009909
994114243
544260206
961146701
279395244
220005506
283694504
926397089
79678283
230707861
245126179
376417676
508931461
267867806
218116079
420615783
377398617
904541029
255938472
236553214
214989079
733823359
231670221
524429400
220608646
389708566
325163910
55425838
799870869
684274429
933228285
922880778
678388672
330004843
736543832
810300268
550010350
20238336
589213709
482204985
103462549
834339888
858622662
612394010
102207695
76738741
33009794
332122664
833796122
141464618
568675879
48785201
875287978
800346100
573214601
95896624
42571019
898378512
151322462
842441888
435169293
937067099
617839019
113557965
267071943
206899203
776374585
669598645
79653891
365588294
151803630
183116440
52444535
862942644
795510451
7168582
792197737
681036597
339291246
625993860
822501215
760483477
527295413
550305545
413345930
100510015
646202170
455916949
851404879
650040984
150875189
139090524
587108084
621230560
105164841
706696379
828129763
881539426
376295024
907783654
99644072
380615006
90900095
152088607
243557651
738926898
159257189
35755388
272479847
498548436
514265600
94981062
111548265
41561014
497802960
524894195
994587381
144005130
980811144
698508612
646562466
984202686
837599136
86186902
605433246
942763977
792883281
286079362
676819755
21694657
193863016
776463827
402309664
137279463
928552435
645867315
876206361
87809624
534139055
148686208
438874412
900921008
96183623
550422678
794998374
593986583
75316873
642102107
590508065
908644370
193127071
89586883
892847056
30726207
175773786
350796654
826006536
968657067
636876016
355342643
990351725
683255385
131806470
392661389
820534848
60358905
891045056
696741210
684882
277700463
697943770
439559294
178621471
794127393
989981972
973619845
240630328
917815198
468238304
683654745
826459568
661365375
773241629
571822976
544607934
949015415
775135982
223130822
917672482
264528351
578473465
760540559
947783736
710279936
5718300
768318584
623155193
896763356
317576146
476356427
174463820
15519917
915915722
205601643
662163662
758414046
31737841
755310343
528745596
499976145
438965088
207721516
161341521
64723069
779544492
705949455
13738484
407196827
929080278
783927319
671725178
360070095
544467878
619508914
70350031
550186179
240343850
546021577
299465887
410436349
22378004
473929707
278472618
790810078
679531351
940636280
401740477
711269192
548462975
930486073
63761689
987428064
138207590
225103210
52151133
770268434
783569018
918405970
29981613
565165648
702333289
701706791
925235743
99317519
173732057
848102127
502020050
414075908
246640056
801485938
824512257
121534412
127931997
102984875
912344491
807463348
896137507
166601320
371248892
297116835
949603745
435010582
137061251
940327687
512630144
41728736
563112474
296199162
960134706
593094087
861364810
514984347
294800879
639116906
614301867
468532936
487219033
116321917
735125196
733859089
770324207
412153805
855393501
898256205
367655032
620254344
558235905
116308892
639372016
929484798
413425727
588975762
217011732
550486978
381819801
729641876
592215714
944932275
878357391
552350421
538026363
592238553
67334768
685343594
231355459
534152987
6392882
571090844
502991257
741518079
157466285
125831816
153671884
12859787
24088021
521326917
485630483
582323927
637635809
125002500
364325077
51061536
566494614
433853161
454064866
948314415
16011389
46280580
745763043
894368780
451147353
136305758
486607334
370998474
821649352
570479145
905151461
828042234
141569990
260659070
569560313
299036275
386490887
575748550
164412414
263095260
97075467
502559250
845419187
587227628
480078102
62260616
490805516
46572716
496113777
944870382
847403483
512125167
843667314
445682878
259010299
294814668
581988636
745617633
665813142
403637988
168613131
423480955
84196575
310183121
536656378
653756888
461735748
923147265
82021790
626148163
38758877
31613609
128707413
884178065
618841237
461301867
798955033
962163105
360390935
147585163
759549839
60310770
659710330
603217154
505993649
918720629
750548174
87982285
516854615
268877668
344136626
685467746
692358623
428333201
848167219
81531353
82090089
309902967
4678618
16628232
788567482
43437496
48241841
769791247
780131913
667083079
231093114
431603298
481762536
591484049
579188461
241312376
651794820
91415143
697045882
10304821
10135773
447594056
98287106
379506740
716471724
442423732
917490838
261346699
870756933
765658057
342878053
805363375
928077376
200073023
821991607
716644859
96026871
870233448
338952458
728675136
389832879
570045573
160278435
871595416
14045974
739466896
965424144
518357146
830882040
662470026
528661967
693534165
962580434
626949074
925557257
531568510
921889158
843048095
792915209
645162444
461222504
988309614
303042171
241816232
40898990
125033778
958461091
136925861
847783578
149929902
865600998
90132810
719975475
878395785
814244578
586537801
470379033
779668722
104894948
153777425
294655100
633556915
847311590
109751886
113022341
625385199
641320396
34911500
320949646
286751957
532590296
782172150
275061572
835632467
23988383
315960562
813182597
834965826
305402775
513482527
984895728
23520125
603615337
557387555
901915910
270376267
143925357
372294944
50044989
101336657
526072369
197216441
587409924
225900312
306968327
700432266
851285511
948288723
587860118
24751510
87557033
120450414
806923660
362618605
808599233
683428395
531095519
621781830
370910574
836498294
135264357
208322654
860018420
591396047
618226562
761934330
861772314
614668271
986745626
764333656
716004928
365334348
814066449
155931204
591234660
121034777
856363470
295036523
921839852
296739940
319788033
9396885
269706706
979228046
224531842
78305939
515172793
755627361
552604121
886083367
444642008
540384831
946922374
304660428
984297230
565148936
919111110
698585896
32333559
905856737
315435904
748338487
123707437
129502354
904269691
714942097
103053483
613149514
862494972
877409687
762405806
34799358
739322925
32112513
14027404
963854767
962934804
529200197
571998481
368055278
267799917
16640489
760956461
67238643
173817269
745253691
632387579
92928379
296355939
664721138
851301468
611791844
265575977
975008905
741294198
22362020
542467354
696864033
488027886
257478679
574273720
250433693
292278037
166112997
135062558
306305441
129967765
950513714
688021990
554482598
171085344
955821907
423639439
932041805
23060550
449973060
529811848
507964481
395417791
826167788
25201971
99235612
437959632
143294300
74244517
31770182
165656321
469228224
728634215
653684207
726706903
155424287
756634252
18984940
321537285
891696810
177806733
304021402
694726877
865828723
711020352
865812221
674166983
134659791
797854027
549743885
437149203
180182227
910224719
832566994
6350015
935426690
931802606
296825999
78720991
858563476
328596181
96893664
180308052
909746748
603094223
907014955
65171036
359728476
778516247
239224673
103941638
808839332
395762427
798668515
527184407
106782779
516997089
53867742
93958922
167367468
603611628
531108125
347549695
366352699
216191471
353899711
154295741
147994078
650725710
85533084
6557554
831838244
182426748
39381958
741584992
785520972
946396913
659272380
997765800
577429512
751013405
101707438
238785196
146775832
752892306
765969603
106074963
122405747
819837346
200033885
289773215
275965326
583658362
637322910
642318025
799849834
991222621
796613766
947843912
494464684
882146851
806917818
178819280
64573599
846299776
920404272
702610923
645213041
432193005
552893075
75158905
35722762
507116866
313944101
182498595
112525524
79913704
288573558
234931271
752267402
341123796
524704486
28232728
924782158
162027396
670550753
724631992
5766370
319680872
524992256
352747406
201827723
184426426
531566686
118917674
883242554
304487310
674044950
380971947
736680315
226938025
456130852
772403078
734054891
622591305
807418025
846580415
555021362
95991583
81511686
307288764
289631731
458732524
188037845
214413890
620759921
858588598
791562234
479042643
30785822
169070843
831790049
232613545
353497269
363356735
204047572
89256176
667844045
878092522
470228123
257040713
105030547
926358976
881960143
691601791
401466633
689378168
390698558
956487995
637886103
324726597
116293112
927517835
783459121
304330957
994448077
256735394
15435907
786010311
735778037
46221730
955081154
420084438
278835275
161094776
783441173
482882847
250350952
303801571
213491721
720579075
413358636
171038621
499454403
295318779
862640412
900921037
837213299
105855322
709925384
327615754
283098271
826218496
107649941
66557393
130549453
102098018
175809139
145985361
740624682
764103529
192207091
548222188
184187967
323558718
709316964
820145493
806441566
812184268
123947064
19933287
385279696
389822052
43488260
884734099
685140831
906128672
638171488
374870482
864500347
200613225
702486236
147598618
26831721
810136178
66672363
9897527
912234196
94997855
155882888
505375230
859101384
200606331
53597419
43289351
524165049
615430735
715951196
183122967
427615004
692414612
55572607
812894700
82236664
99060867
550145151
619893847
5189540
40832992
994764329
722206239
241446217
697250566
869804857
120794290
359903096
788993573
130691817
124653644
883991428
286574705
630028875
743092812
487181036
683626294
638898515
11346086
151573381
207366064
46985405
579188385
899780676
102558012
244599437
982017341
201618880
647260941
454427540
59324772
688093933
449191870
781531011
782056502
998958788
503852220
902850792
358861884
292845793
33542610
483515528
29353573
172633667
113544403
772446385
659814704
649687049
263861253
523677142
801260431
471227317
570662547
232965168
223524345
673220560
330080958
58058038
874839440
977341899
512485579
934164212
517952184
961677449
568211575
300008686
813152589
72063795
55375830
24530825
217425941
88918440
508046353
246779514
261552108
474107109
19225900
773883164
976310510
135603505
150076658
630087293
459347174
720739205
863052462
682871519
246476117
45649772
740929558
973831909
22991671
253415137
760512473
540943855
67608938
328724048
693468893
880761527
253304196
748844723
905292352
470730137
837763164
265855057
717509651
951831624
592478518
589251903
725714788
568789029
724855408
875791446
51392674
36718934
449047003
914445136
719590454
548039473
960094908
460520012
521871382
835602931
566451501
134900208
229063138
634060439
463624256
922532031
367338318
716928452
671376755
125147022
40174941
361656271
243518431
757684593
166004247
835996950
346936496
891719035
257302331
924308257
620026833
308695005
961027191
921590188
75656494
680617645
469629661
35751402
993654009
844017396
723870686
560105510
978917604
952933824
46682301
295058212
875465856
266536971
11986665
399358963
391683993
52161606
613531586
635202425
662362551
779535833
323715727
9299048
523771220
581018058
786123657
143798053
889713063
747150848
917904593
965369557
280284846
240050607
853637312
126455207
84068003
577507998
686560718
62985607
382958174
585759371
210560171
110940382
852296343
75063188
510299345
96496688
127224795
123830931
731699113
642103698
755883116
55414840
503919098
279654336
488949250
290042755
275968741
378662314
889709956
46389687
196548223
22511154
286440294
50185535
148966361
370508297
480209885
835527079
286010256
863168060
273802803
496570427
974108442
126099146
571633616
336924140
222595834
551374763
313271423
806811300
45994813
69154540
714742492
549913912
201325228
203691743
839956667
477293970
434870409
582182975
523683657
631418632
604694129
810123951
681604168
753660491
33148600
14330405
441703922
171675208
877498465
715506725
668245635
851606908
841605871
92395603
41047400
916718058
496286718
354318823
723529358
542281532
423473363
290788202
92195444
624798592
494479945
784668463
954608914
929350354
366851439
330808923
413285339
971545568
140932874
94889507
577722411
26597826
109219912
19426334
198273034
839234730
734933059
719035021
543357990
429055283
811430625
584405390
198289693
160233695
938724213
921819051
702515227
214713929
65123605
794710671
839512521
559603551
431895487
646637787
341470257
798746926
977446710
754755596
622808846
970895936
702161455
53047610
997493762
663897720
72473944
48283148
355648802
659923355
767318169
899006792
88978638
431265146
483412182
139784683
591498842
274652747
61603734
146530421
489366676
126727340
941241093
181395549
538847243
225652932
828033336
732833852
24399858
805480046
340105801
499725056
628892334
42267256
552772666
478902448
558681328
477762962
527185596
914330130
137686318
147020118
665853274
79181308
430801616
1781808
218965992
22300458
276434556
133086078
21347232
765801232
112329770
962588325
947196782
503693365
40757609
775230118
236527218
65157467
433226517
576633019
417398875
62118851
471416627
822687894
393537652
882614308
300450856
920723248
649460790
290653526
920259718
315314065
369834835
351061335
317095873
441317179
225878145
593530429
574403257
247225377
211848014
539249380
62330054
159044796
42942745
103087663
786791266
131986315
20761482
72534135
708619334
290676710
134652987
32552314
113364604
380706991
915166622
266331812
153946591
417143764
556985339
74206310
732457829
926820174
277783997
902070055
220653705
503662142
348116836
795056962
603403872
559964850
186822694
665733926
719009646
229765440
621337942
358317265
361751755
642099424
430851400
922887442
932776134
418020739
955439756
898657090
798727730
723122730
164988903
952674322
140266494
721974242
26880632
725240676
501310768
157180981
479827083
721964473
660843123
827943919
369537787
116763347
387908770
556360482
782497274
959434768
638642274
256351568
317752033
394029
898450992
748603434
775797823
683743479
19140525
583753931
434916921
817868256
159393013
599905824
770542578
152175860
174396418
649939562
877416536
528223538
807120543
209759971
102704363
320480018
37703890
472242151
437243366
278129012
881118985
72256992
237563781
519761259
328608560
407832166
372671640
79575904
8951952
985816
615835735
28092478
584739747
50752657
845960734
744132761
503174833
469019664
896308621
677571252
118959226
626241509
58311142
778596121
836001480
161015506
951592491
873705370
633257657
241352209
4350735
366892994
313609201
241914516
886654253
494734113
649746682
111842245
574310018
658698635
112828061
42662105
686791113
697567809
93414762
385268199
294216922
596589596
854287863
190525543
126677200
825763441
816767052
184988342
456875914
505284884
346003848
408468405
231506606
831777857
649820615
235857341
198670851
815946168
477771857
937841456
310680282
980034892
49683702
737506652
491249879
15028115
780168757
30557344
565112276
873583520
415825543
859329198
322689468
270113406
49854741
301883020
95876847
719138145
486871362
405269113
76939381
685391563
813737518
308445988
517169420
316074485
544303329
568356624
132020654
22075187
506198080
295217288
854626431
408398134
32723940
345876310
275942602
665409049
376433654
841054878
391508921
792259197
700384077
714198389
914888955
602755170
16081409
863282154
174409668
355469124
268551267
251349049
40860687
934805137
559795037
410546459
103395975
104098367
978903083
87932981
978689906
337617516
383150269
685832689
598532002
268390561
31708999
874474604
933799610
260659005
715529483
177824884
905434554
268429912
892023273
820323509
723701434
760621035
536122015
898111102
968606511
804673282
1976504
861983550
591994771
414287893
125046361
695390746
370902612
103949445
783323727
202108870
294083313
18990348
887941559
892615315
287380909
772166910
619606272
73696872
32825915
187652107
251521756
790776821
456082019
996061381
463616682
32299805
609198768
999738697
930410908
577805279
656928331
784903764
292305181
248923103
199191657
417351543
944313849
570094270
373817340
580153929
772203140
667900653
599144277
512661052
413032320
886525187
284827962
32638592
812738411
170170230
72807051
64260167
960947051
528889070
912837900
277080086
561188876
522036669
276818783
344116136
952358300
933747115
129019900
244663482
35186570
180727909
662015025
832016771
603338531
35832365
412170700
228058024
556249370
11314978
740719076
821798042
750356517
25547038
706952987
415611280
48233620
779760038
332387799
861697024
161165461
245225699
138777110
722354337
619778720
268112245
918986825
572137021
54375712
900523077
669316855
89562282
81250986
183848232
921579054
537105870
72196949
186266106
765163894
628446319
50097436
505882970
302760713
652970305
383946360
9713700
68581585
284696333
789473739
400969384
146393357
950639200
498711436
137686819
525509889
118490156
405799064
297013066
543143529
460174777
197536143
212460384
549737059
131303481
396308616
323832465
668409351
468505565
362614924
286089597
949468236
412712360
791972567
252228950
65682666
28435280
114459002
986780603
313131613
903932741
240266340
312041322
707088293
738977776
449728141
85114534
857467932
855527205
382127600
253127814
315701982
432180095
465588198
717955394
563483577
714413167
41787859
84409280
35435084
256919135
370498878
984903321
669631496
14987797
89648623
587830514
43423077
204107625
427127469
209071042
108040367
667393809
521112364
667645012
406371585
970840505
605275899
116355870
678884063
987403499
369483684
994586045
272099947
687588234
565057791
835583524
402001401
459362003
772509156
437436486
716281138
143008034
274856159
238428986
10512184
364504782
826259500
906451613
568612407
105903322
115522656
529169126
773297131
489151372
49330491
32185069
312508230
654606390
148540939
991392293
494526241
370540975
838494690
766626188
58129209
256068834
454726064
312646963
715430837
227235221
750083449
431711975
222759607
24939608
670140962
85788143
241960742
348916814
992239757
810573149
454820136
960278765
339742276
80633620
301946489
389072767
112818689
614454719
43679157
261359628
458363364
390721750
631900603
149374407
157347939
542546164
405443241
612074003
855193127
120874078
691825576
457792928
405102405
914585184
335248888
927759719
373327
577209630
129192886
845129436
387782780
584013022
805408201
580041408
664646642
107354691
969114175
777465331
574325762
865309684
891341311
885205479
108547786
375758266
34579886
265895725
918304431
292539479
730486081
773497558
265929909
422311657
83806839
523548666
189413193
419055727
451308386
42302873
996265358
580501272
887432309
236564490
17030646
545356863
816605898
534193641
505227906
638236425
164175324
932070020
356062461
55516636
817275499
464610247
431274902
704371737
730505973
202095685
849427568
313508406
975593244
115357477
735820063
59400083
491422496
777749609
330972162
942730882
820052482
327237520
375748506
560001143
563802010
245295504
957874358
232924260
779489145
315618616
871160685
943664470
247688637
227223146
999181106
917480488
691833394
282972360
474368578
274855719
485068046
323796146
588364125
313177642
291669976
176700540
225094077
783092472
954450149
556066239
578339706
627018983
735820112
806604564
39536479
152138474
51900068
997410837
385062735
831389214
165545806
256223420
627570036
413234443
335962919
479267494
183231283
27796313
762239854
657599861
155168384
99824252
981396008
596048861
265518246
125582336
772749401
490612323
761191160
579715903
899194915
192047218
59251238
635015027
998651782
98787717
787153501
50551850
948714907
24732588
734457416
114260713
280956009
214543804
380011508
616918928
693811298
563242791
497231593
308567505
73359005
504916329
408391757
54755013
100965190
673910004
32853701
726230943
17038679
794044861
158463198
916233594
986092079
217714437
403764973
837260213
169018506
43434827
740328415
970249765
68167415
327302184
937026830
201639776
541845988
169554690
818558704
235657287
732797482
168306649
544224792
806156487
673222978
805132901
713427852
626704520
331559257
598797905
352935464
348597937
245359118
511398662
117347883
83967549
581629451
373629209
921227762
750647958
417064036
661556177
573414075
337747803
988858361
510440906
539387580
383220702
679995596
210462636
618877989
265309430
378769286
15619133
923982269
904508616
820752034
489926473
531213137
4827644
88724378
736664953
353425581
334083496
100579967
323289816
418051045
682209419
696919025
191795159
285373729
113983061
853351337
858787804
304247217
694726050
221745062
843634797
77946752
901740659
54097433
549341093
19566441
285383071
417476578
943548711
189891688
90744965
285991536
573621177
95572609
374715915
310286130
448998190
561315763
410866097
772288006
979366809
93075516
321723384
23678320
230965597
288222797
877029657
89753402
592470014
424272060
311498464
436104811
354735164
65755475
342718597
756592610
85321917
628101668
174069188
881386980
817993356
264814153
19894868
244130885
360386762
394610783
554417015
661901304
955926547
817799465
286705663
787809708
763391333
608429047
811488028
994356931
896651844
541034038
84110333
489121859
817822450
248125149
777743022
25073966
166396977
120461619
781666576
104235246
748563288
955735765
985622226
419072996
73066270
5517094
663203882
285969385
252644230
70137249
947870689
61087129
887936714
234576352
701413189
503844400
843005399
365417569
498201331
592173596
906451607
434828016
81295455
576790409
535469517
711554829
601864376
701866494
832016449
383530952
806101740
433096089
191783069
644240318
704685437
117365692
502273765
220405671
403335077
754917995
290542921
351205766
668521476
30995987
438298471
369934665
534840387
133820222
735352234
885558070
725993818
494320194
172902438
659805625
71110603
708371956
371360455
525491331
410238450
55893256
909022284
68856543
341505697
953321705
713096861
46191134
70687397
215370626
266596806
474022474
822804973
409656079
677744593
491326449
440652066
116043064
713777466
828008806
249863286
301646053
713566876
975857105
795966247
886469315
488179082
719593202
447357623
859539537
97600886
857596073
767949145
6623170
926452616
109454842
812461227
492065830
8162329
883148625
707436456
274759135
209687451
382757782
684415214
887432044
874084231
977583632
855991460
440378050
805592438
105854747
742024103
371675667
934228204
390506702
110661334
274923638
110099904
558018957
134463176
60217142
268131382
754928673
66840312
47100351
864383516
731817892
539166181
872545845
467482869
99118989
999821332
677170320
481876771
536752898
417118717
208477355
514336530
125626529
648855405
172445321
83997628
243395860
396637340
18225832
633902562
507298674
145665823
596518818
917833983
132645351
656735961
38481717
887574024
576092625
85582068
604473892
307910517
477264601
329536089
775393386
576383591
329357421
305080059
910776714
866110319
574715128
119254069
232963202
700341657
620625826
257924875
784339286
864021686
654562215
655081470
350440600
14377241
800747293
946959419
932211224
933392644
603695380
970692941
820966669
32304357
56275010
277956913
340214875
386055963
607493003
968124613
962439554
936850424
125721024
725732621
655477096
700436152
697503042
740956650
400777810
170645221
998881525
37633448
34666907
653443740
692714918
237623860
667820981
493462212
184583279
452548557
279371208
640795011
423241498
100337877
673099368
332032860
230811143
13314243
718088824
838304146
833955209
533044730
627670922
959676233
111293703
135664370
660112386
808796746
876621020
913406548
979441967
875502545
951039996
866625226
381462637
643754914
104249086
901799970
989733478
141348717
354348527
269104687
782143728
630106378
221958916
455243097
962139238
452770059
321073692
532744414
143590557
7545253
918305497
771261480
967221487
29599200
906925850
479850225
838395946
783546871
393256773
670354265
511565768
196813121
536979492
745544758
840568035
493744930
647344728
682817866
635093648
854209608
951922553
417237376
484315986
26397821
724996825
298971576
331684233
46070518
684232343
475274790
53615771
602537840
246536270
873353610
484653392
5978473
353203835
175565691
789525344
598976960
845919956
153607464
795790081
235415800
899152222
488874469
729160731
399013303
171692335
364254379
105739263
976131240
634008107
590055249
2529061
359004933
741543177
186729646
257591803
425775520
662004437
163723926
880829712
908540707
37077537
365483105
914519180
242797724
541048796
556560876
841774685
239485104
562684693
490081118
474900905
314353267
978955587
204061636
713366570
3164274
420832367
819105833
979295514
54840474
261677434
834340928
266361759
3220612
21070574
523953562
281512484
683075011
540193841
14858549
444132071
429787730
380341654
211167603
672585454
773906802
620244832
366876491
13391906
182929525
856957610
488292811
497282792
688429549
544870799
63165715
691593824
965703166
734787900
670889338
20543641
996465335
357746618
139421752
852202299
378817193
663375315
986231135
914408556
56085508
1089684
211056979
485873238
233947690
422224583
10975044
7854492
42469415
377851536
21246399
77915292
87325498
362055562
427714436
775755047
906926362
490880151
319865223
725145880
78184404
990754562
598205873
74649739
201017532
737627626
779368390
579834725
253519293
618115877
346759634
309604801
619205562
557816613
795478039
853153252
980041196
806453083
713524097
875026963
36820971
587286848
805458607
124146469
949342410
233173044
752417869
708785124
576569547
72283092
286447357
654753951
915554006
884653230
581920042
116571539
622280856
213804784
548922616
875800149
831920662
895682250
37921302
303642576
453498864
833399341
9312180
286056412
639852425
722836277
13599728
676673396
310123125
819058335
653336218
111981888
904747731
405754087
673283364
481317279
