100
372968
38689
340104
409243
47576
843259
449377
523872
546893
572669
419085
522370
408994
932907
137591
44330
647639
864396
229200
79354
941264
214830
184429
101824
659032
713907
594067
918789
594397
528388
416597
483717
83429
756701
892960
647357
599960
858689
687582
146853
431358
106667
185575
356704
555926
323166
401034
203566
703915
630235
282920
161531
361417
467349
263355
20450
697608
373774
455591
808357
418514
872188
292074
501943
628889
701386
665653
228849
76427
353235
892054
507785
976254
77629
380842
532181
917148
781876
735747
137415
928463
535019
298946
289881
518720
562301
310331
732681
452427
282274
541038
870942
154462
349465
372885
299703
567203
554890
528552
643631
