100 1000
1 32 84
1 48 99
1 2 96
1 91 52
1 69 43
1 51 86
1 81 44
1 74 77
1 12 20
1 13 70
1 78 17
1 79 49
1 80 12
1 49 32
1 82 73
1 35 28
1 20 15
1 27 52
1 3 82
1 31 56
2 32 10
2 3 8
2 4 9
2 71 49
2 75 34
2 11 29
2 14 46
2 15 52
2 80 97
2 18 21
2 19 6
2 36 95
2 90 78
2 59 28
2 60 12
2 58 60
2 62 9
3 4 11
3 6 77
3 14 47
3 23 67
3 32 48
3 34 60
3 35 48
3 39 37
3 40 50
3 41 7
3 55 5
3 60 87
3 61 33
3 65 73
3 69 30
3 72 1
3 75 30
3 77 51
3 80 2
3 85 45
3 88 34
3 89 66
3 95 34
3 97 71
3 99 47
4 34 92
4 5 91
4 38 96
4 7 34
4 10 60
4 39 86
4 44 40
4 17 31
4 19 98
4 83 61
4 26 76
4 91 62
4 93 57
4 62 28
4 69 40
5 34 51
5 99 27
5 69 48
5 9 32
5 10 74
5 75 34
5 98 11
5 79 54
5 48 12
5 52 98
5 85 33
5 54 19
5 87 69
5 56 13
5 28 62
5 93 31
5 63 57
6 65 65
6 11 77
6 100 91
6 81 60
6 76 20
6 42 61
6 7 46
6 12 73
6 27 33
6 17 5
6 50 66
6 84 22
6 21 89
6 86 61
6 87 1
6 23 65
6 91 26
6 61 38
6 62 33
6 53 23
7 96 3
7 97 30
7 99 62
7 37 62
7 8 56
7 64 12
7 11 36
7 76 44
7 40 74
7 52 5
7 22 83
7 57 2
7 26 11
7 28 65
7 30 99
8 15 70
8 19 23
8 25 25
8 28 43
8 32 23
8 33 20
8 36 57
8 37 39
8 39 87
8 45 67
8 46 84
8 57 42
8 60 9
8 64 7
8 66 96
8 69 31
8 72 65
8 78 90
8 79 85
8 84 35
8 86 28
8 90 19
8 92 68
8 94 17
8 96 87
9 32 4
9 36 59
9 69 21
9 70 69
9 40 25
9 44 24
9 12 11
9 38 32
9 76 42
9 51 21
9 20 41
9 21 24
9 22 80
9 87 21
9 56 56
9 27 51
9 93 100
9 63 12
10 33 15
10 59 72
10 22 43
10 44 52
10 42 99
10 11 46
10 12 20
10 76 40
10 67 95
10 53 28
10 54 22
10 87 50
10 27 66
11 64 28
11 65 41
11 34 65
11 98 13
11 33 9
11 42 9
11 45 86
11 93 13
11 13 26
11 82 49
11 21 92
11 87 42
11 15 32
11 61 72
11 53 75
12 97 9
12 74 8
12 70 2
12 65 57
12 73 71
12 42 85
12 43 1
12 16 86
12 84 33
12 85 6
12 86 6
12 88 9
12 20 84
12 26 51
12 91 35
12 61 6
12 39 62
12 21 64
13 100 46
13 98 1
13 68 9
13 69 18
13 70 48
13 49 44
13 40 83
13 39 18
13 56 90
13 22 16
13 55 33
13 88 31
13 25 7
13 31 51
14 64 69
14 51 38
14 66 97
14 36 37
14 70 93
14 65 48
14 72 48
14 60 28
14 74 73
14 44 87
14 93 98
14 16 96
14 18 5
14 83 38
14 84 66
14 54 78
14 15 40
14 92 4
14 29 21
15 33 89
15 50 25
15 70 5
15 80 17
15 73 44
15 74 61
15 76 8
15 77 50
15 78 76
15 48 49
15 18 11
15 83 35
15 52 20
15 85 73
15 54 70
15 23 7
15 28 100
15 35 65
16 70 66
16 71 33
16 73 64
16 87 93
16 94 79
16 82 10
16 85 51
16 86 13
16 57 6
16 24 91
16 89 47
16 29 28
16 55 5
17 64 27
17 97 99
17 66 13
17 67 79
17 68 68
17 72 72
17 41 98
17 75 53
17 44 65
17 34 57
17 78 63
17 47 9
17 35 77
17 86 28
17 88 26
17 59 91
17 95 38
18 32 64
18 84 38
18 67 35
18 100 6
18 71 29
18 72 14
18 64 59
18 76 55
18 47 32
18 35 46
18 52 27
18 89 71
18 58 8
18 36 42
18 61 25
18 63 99
19 98 84
19 99 78
19 37 17
19 38 1
19 39 1
19 43 48
19 94 49
19 34 74
19 46 42
19 82 29
19 83 23
19 85 7
19 86 21
19 55 17
19 56 31
19 58 82
19 95 19
19 28 38
19 29 7
19 30 55
19 63 10
20 64 39
20 33 11
20 34 68
20 68 35
20 37 63
20 38 57
20 39 2
20 96 23
20 43 55
20 44 69
20 70 85
20 47 13
20 49 55
20 52 26
20 97 21
20 87 55
20 24 65
20 57 83
20 91 51
20 92 67
20 65 100
21 64 36
21 33 16
21 99 91
21 37 62
21 65 73
21 40 77
21 91 5
21 43 22
21 45 75
21 46 62
21 75 58
21 51 47
21 25 73
21 58 57
21 59 96
21 60 73
21 90 54
22 96 18
22 97 21
22 98 18
22 68 38
22 37 39
22 71 35
22 40 38
22 76 88
22 75 35
22 44 30
22 45 98
22 79 93
22 88 28
22 85 4
22 86 63
22 69 67
22 62 100
22 23 87
22 30 88
22 63 9
23 32 28
23 65 34
23 35 6
23 36 66
23 38 72
23 74 82
23 76 68
23 99 62
23 81 77
23 83 30
23 52 85
23 85 37
23 55 70
23 56 12
23 100 60
23 27 90
23 28 88
23 42 26
23 62 12
23 51 57
24 27 83
24 30 88
24 31 49
24 34 89
24 36 38
24 38 34
24 41 20
24 52 60
24 53 60
24 55 64
24 57 95
24 63 63
24 65 18
24 66 20
24 67 86
24 79 96
24 84 11
24 90 31
24 91 53
24 93 13
24 95 85
24 100 83
25 64 26
25 99 10
25 28 82
25 37 89
25 39 35
25 72 64
25 60 78
25 42 25
25 29 57
25 50 4
25 78 96
25 79 87
25 82 40
25 94 1
25 86 21
25 26 2
25 59 63
25 92 6
25 61 41
25 30 17
26 32 20
26 45 8
26 59 45
26 100 32
26 41 71
26 43 22
26 44 50
26 77 54
26 79 40
26 56 42
26 27 88
26 28 36
27 64 75
27 96 99
27 83 99
27 73 73
27 42 50
27 75 81
27 44 56
27 66 20
27 76 76
27 49 82
27 82 83
27 51 72
27 55 92
27 88 22
27 57 89
27 59 13
27 60 38
28 96 57
28 98 31
28 67 26
28 40 29
28 63 80
28 76 83
28 77 69
28 47 14
28 79 50
28 80 70
28 49 74
28 85 25
28 55 30
28 59 52
28 60 65
28 61 66
28 95 56
29 96 60
29 98 1
29 69 23
29 81 18
29 40 2
29 46 23
29 80 91
29 49 12
29 50 94
29 84 87
29 86 64
29 58 1
29 30 55
30 33 14
30 43 31
30 100 66
30 69 91
30 38 14
30 41 67
30 75 99
30 83 60
30 85 88
30 54 85
30 57 74
30 37 83
31 32 17
31 33 97
31 67 12
31 38 70
31 64 27
31 60 69
31 41 20
31 44 88
31 99 31
31 49 57
31 82 16
31 51 78
31 53 17
31 40 52
31 63 17
31 92 65
31 94 14
31 95 8
32 84 5
32 65 84
32 98 21
32 100 67
32 37 99
32 71 57
32 83 9
32 51 39
32 52 49
32 97 32
32 57 7
32 58 46
32 60 64
32 62 88
33 34 84
33 98 25
33 38 44
33 73 63
33 74 96
33 75 17
33 44 90
33 50 29
33 47 19
33 82 48
33 53 70
33 62 61
33 56 4
33 45 65
33 61 54
33 94 1
34 96 76
34 98 71
34 91 36
34 38 35
34 71 8
34 45 29
34 51 78
34 87 8
34 56 49
34 59 73
34 92 48
35 37 70
35 70 27
35 72 84
35 75 65
35 44 83
35 48 37
35 82 27
35 88 67
35 91 10
35 61 23
35 63 43
36 65 26
36 98 87
36 99 20
36 100 19
36 39 40
36 40 15
36 80 58
36 44 51
36 48 48
36 76 9
36 83 15
36 56 20
36 53 81
36 55 88
36 88 84
36 68 79
36 90 28
36 61 76
37 96 68
37 65 99
37 99 79
37 39 19
37 76 23
37 49 94
37 50 74
37 67 82
37 54 86
37 57 44
37 91 93
37 92 94
37 62 54
38 96 56
38 98 90
38 67 30
38 69 62
38 72 42
38 73 56
38 76 63
38 40 68
38 82 41
38 51 78
38 52 98
38 53 30
38 87 46
38 57 53
38 58 69
38 61 51
39 64 46
39 97 91
39 79 97
39 75 43
39 47 100
39 48 71
39 49 96
39 53 62
39 55 86
39 56 39
39 88 65
39 63 25
39 93 92
39 95 13
40 64 73
40 65 61
40 66 22
40 68 57
40 45 64
40 50 78
40 84 63
40 89 84
40 57 95
40 61 100
41 98 24
41 69 65
41 81 5
41 73 23
41 74 53
41 46 50
41 47 67
41 49 90
41 86 73
41 88 23
41 58 27
42 96 44
42 65 87
42 67 34
42 68 78
42 69 20
42 97 89
42 74 81
42 87 34
42 76 58
42 45 7
42 49 53
42 57 52
42 56 12
42 89 57
43 65 82
43 100 69
43 69 25
43 97 5
43 74 44
43 75 30
43 76 16
43 45 76
43 47 40
43 81 81
43 50 31
43 58 56
43 59 85
43 95 22
44 99 42
44 75 14
44 76 12
44 45 65
44 81 93
44 83 71
44 85 99
44 56 60
44 88 57
44 55 13
44 92 5
44 95 85
45 64 55
45 65 35
45 98 71
45 68 6
45 70 44
45 79 35
45 82 65
45 53 84
45 54 29
45 92 57
45 62 98
46 97 97
46 68 26
46 72 57
46 50 78
46 83 99
46 54 64
46 59 7
46 60 46
46 93 85
46 63 38
47 64 38
47 67 53
47 75 66
47 76 61
47 51 39
47 85 16
47 86 36
47 59 63
47 92 97
47 93 100
48 65 27
48 68 45
48 77 26
48 78 100
48 49 58
48 82 29
48 83 56
48 87 40
48 91 40
48 61 76
48 62 42
49 96 85
49 64 90
49 67 94
49 100 2
49 72 61
49 73 69
49 75 85
49 76 81
49 54 12
49 56 43
49 57 71
49 93 57
49 95 62
50 73 31
50 90 62
50 87 81
50 68 5
50 95 7
51 83 49
51 58 35
51 59 84
51 85 69
51 95 26
52 97 80
52 68 12
52 69 36
52 80 18
52 82 62
52 83 43
52 53 6
52 58 12
52 92 78
52 85 25
53 97 14
53 66 1
53 73 93
53 98 93
53 77 20
53 58 42
53 95 27
54 71 24
54 82 38
54 87 94
54 100 16
54 63 24
55 64 48
55 73 17
55 76 3
55 61 44
55 81 32
55 82 52
55 84 54
55 87 55
55 93 49
56 96 7
56 98 39
56 75 87
56 78 14
56 82 6
56 84 16
56 90 41
56 60 51
56 94 92
56 95 8
57 64 25
57 98 29
57 99 37
57 77 89
57 80 76
57 81 93
57 91 60
57 95 40
58 64 32
58 97 77
58 99 2
58 76 61
58 86 15
58 62 49
59 75 18
59 70 64
59 63 28
60 96 60
60 68 60
60 73 30
60 75 33
60 83 90
60 61 15
60 62 7
61 99 34
61 77 4
61 78 24
61 82 82
61 83 71
61 84 64
61 85 78
61 86 24
61 62 78
61 63 14
62 75 18
63 100 53
63 75 56
63 76 79
63 89 70
63 90 77
63 93 42
64 96 60
64 99 32
64 72 86
64 78 44
64 82 11
64 85 67
64 86 79
65 66 92
65 70 47
65 79 76
65 81 30
65 82 50
65 85 87
65 86 81
65 89 62
65 92 95
66 97 62
66 72 90
66 82 95
66 83 29
66 87 60
66 90 30
66 92 50
66 95 32
67 96 4
67 73 15
67 80 17
67 83 1
67 86 4
67 88 51
67 92 58
68 69 52
68 73 55
68 77 89
68 79 26
68 86 14
68 88 47
68 90 73
68 93 98
69 77 91
69 82 67
69 84 93
69 85 92
69 90 29
69 92 79
70 76 47
70 79 49
70 80 62
70 81 85
70 84 93
70 85 90
70 86 4
70 95 95
71 90 65
71 100 78
71 86 54
71 87 29
72 96 33
72 98 83
72 100 16
72 77 17
72 81 33
72 88 44
72 94 40
73 100 88
73 78 32
73 95 55
74 75 88
74 100 52
74 86 67
74 95 14
75 93 61
76 79 91
76 80 6
76 81 14
76 84 32
76 91 89
76 92 8
77 91 67
77 99 74
77 92 63
77 86 94
78 97 96
78 85 40
78 95 46
79 96 75
79 81 97
79 82 77
79 100 88
79 86 1
80 99 18
80 84 48
80 85 84
80 87 43
80 93 78
80 94 55
81 88 45
81 98 88
81 99 100
81 92 55
81 85 11
82 86 79
83 88 54
83 84 23
83 92 72
84 97 25
84 90 85
84 91 47
84 100 31
84 94 40
85 97 59
85 98 70
85 99 86
86 100 73
86 87 81
87 88 94
87 97 32
87 95 31
88 96 79
88 99 20
88 91 81
88 95 10
89 92 41
89 90 35
89 100 45
90 95 82
91 98 6
91 99 53
91 94 75
92 100 63
93 98 57
93 99 32
95 96 38
95 99 87
